0.1 0.0516049
0.100925 0.0516575
0.101859 0.0517096
0.102802 0.0517612
0.103753 0.0518123
0.104713 0.051863
0.105682 0.0519132
0.10666 0.0519629
0.107647 0.0520122
0.108643 0.0520611
0.109648 0.0521095
0.110662 0.0526974
0.111686 0.0536972
0.11272 0.0546878
0.113763 0.0556694
0.114815 0.056642
0.115878 0.0576057
0.11695 0.0585605
0.118032 0.0595066
0.119124 0.060444
0.120226 0.0613728
0.121339 0.0622931
0.122462 0.0632049
0.123595 0.0641084
0.124738 0.0650036
0.125893 0.0658906
0.127057 0.0667695
0.128233 0.0676403
0.12942 0.0685031
0.130617 0.069358
0.131826 0.0702051
0.133045 0.0710444
0.134277 0.0718761
0.135519 0.0727
0.136773 0.0735165
0.138038 0.0743254
0.139316 0.075127
0.140605 0.0759212
0.141906 0.0767081
0.143219 0.0774878
0.144544 0.0782603
0.145881 0.0790258
0.147231 0.0797842
0.148594 0.0805357
0.149968 0.0812803
0.151356 0.0820181
0.152757 0.0827491
0.15417 0.0834734
0.155597 0.0841911
0.157036 0.0849022
0.158489 0.0856067
0.159956 0.0863048
0.161436 0.0869966
0.16293 0.0876819
0.164437 0.088361
0.165959 0.0890339
0.167494 0.0897006
0.169044 0.0903611
0.170608 0.0910157
0.172187 0.0916642
0.17378 0.0923068
0.175388 0.0929434
0.177011 0.0935743
0.178649 0.0941993
0.180302 0.0948187
0.18197 0.0954323
0.183654 0.0960404
0.185353 0.0966428
0.187068 0.0972398
0.188799 0.0978312
0.190546 0.0984172
0.192309 0.0989979
0.194089 0.0995732
0.195884 0.100143
0.197697 0.100708
0.199526 0.101268
0.201372 0.101822
0.203236 0.102372
0.205116 0.102916
0.207014 0.103456
0.20893 0.10399
0.210863 0.104572
0.212814 0.105245
0.214783 0.105912
0.21677 0.106573
0.218776 0.107228
0.2208 0.107876
0.222844 0.108519
0.224905 0.109156
0.226986 0.109787
0.229087 0.110412
0.231206 0.111032
0.233346 0.111645
0.235505 0.112254
0.237684 0.112856
0.239883 0.113453
0.242103 0.114045
0.244343 0.114631
0.246604 0.115212
0.248886 0.115787
0.251189 0.116358
0.253513 0.116923
0.255859 0.117483
0.258226 0.118037
0.260615 0.118587
0.263027 0.119131
0.265461 0.119671
0.267917 0.120206
0.270396 0.120735
0.272898 0.12126
0.275423 0.12178
0.277971 0.122295
0.280543 0.122806
0.283139 0.123312
0.285759 0.123813
0.288403 0.12431
0.291072 0.124802
0.293765 0.125289
0.296483 0.125772
0.299226 0.126251
0.301995 0.126725
0.30479 0.127195
0.30761 0.127661
0.310456 0.128144
0.313329 0.128937
0.316228 0.129722
0.319154 0.1305
0.322107 0.131271
0.325087 0.132034
0.328095 0.132791
0.331131 0.133541
0.334195 0.134284
0.337287 0.13502
0.340408 0.135749
0.343558 0.136472
0.346737 0.137188
0.349945 0.137898
0.353183 0.138601
0.356451 0.139297
0.359749 0.139987
0.363078 0.140671
0.366438 0.141349
0.369828 0.14202
0.37325 0.142685
0.376704 0.143344
0.380189 0.143997
0.383707 0.144644
0.387258 0.145285
0.390841 0.145921
0.394457 0.14655
0.398107 0.147174
0.401791 0.147792
0.405509 0.148404
0.409261 0.149011
0.413047 0.149954
0.416869 0.151029
0.420727 0.152094
0.42462 0.15315
0.428549 0.154196
0.432514 0.155232
0.436516 0.156258
0.440555 0.157276
0.444631 0.158284
0.448745 0.159282
0.452898 0.160272
0.457088 0.161252
0.461318 0.162224
0.465586 0.163186
0.469894 0.16414
0.474242 0.165085
0.47863 0.166021
0.483059 0.166949
0.487528 0.167868
0.49204 0.168779
0.496592 0.169681
0.501187 0.170575
0.505825 0.171461
0.510505 0.172343
0.515229 0.173508
0.519996 0.174663
0.524807 0.175807
0.529663 0.176941
0.534564 0.178064
0.539511 0.179177
0.544503 0.18028
0.549541 0.181373
0.554626 0.182455
0.559758 0.183528
0.564937 0.184591
0.570164 0.185644
0.57544 0.186688
0.580764 0.187722
0.586138 0.188746
0.591562 0.189761
0.597035 0.190767
0.60256 0.191764
0.608135 0.192751
0.613762 0.193835
0.619441 0.194989
0.625173 0.196132
0.630957 0.197265
0.636796 0.198387
0.642688 0.199499
0.648634 0.200601
0.654636 0.201693
0.660693 0.202775
0.666807 0.203846
0.672977 0.204908
0.679204 0.205961
0.685488 0.207003
0.691831 0.208036
0.698232 0.20906
0.704693 0.210074
0.711214 0.211094
0.717794 0.212254
0.724436 0.213404
0.731139 0.214543
0.737904 0.215672
0.744732 0.216791
0.751623 0.217899
0.758578 0.218997
0.765597 0.220085
0.772681 0.221163
0.77983 0.222231
0.787046 0.22329
0.794328 0.224338
0.801678 0.225377
0.809096 0.226407
0.816582 0.227554
0.824138 0.228726
0.831764 0.229887
0.83946 0.231038
0.847227 0.232178
0.855067 0.233308
0.862979 0.234427
0.870964 0.235536
0.879023 0.236635
0.887156 0.237724
0.895365 0.238802
0.903649 0.239871
0.912011 0.240951
0.92045 0.242146
0.928966 0.24333
0.937562 0.244503
0.946237 0.245666
0.954993 0.246818
0.963829 0.247959
0.972747 0.249089
0.981748 0.25021
0.990832 0.25132
1 0.25242
1.00925 0.25351
1.01859 0.254674
1.02802 0.255846
1.03753 0.257008
1.04713 0.258159
1.05682 0.259299
1.0666 0.260428
1.07647 0.261548
1.08643 0.262657
1.09648 0.263756
1.10662 0.264845
1.11686 0.265945
1.1272 0.267053
1.13763 0.26815
1.14815 0.269237
1.15878 0.270313
1.1695 0.271381
1.18032 0.272438
1.19124 0.273485
1.20226 0.274523
1.21339 0.275548
1.22462 0.27655
1.23595 0.277542
1.24738 0.278525
1.25893 0.279499
1.27057 0.280464
1.28233 0.281421
1.2942 0.282368
1.30617 0.283307
1.31826 0.284218
1.33045 0.285107
1.34276 0.285988
1.35519 0.286861
1.36773 0.287726
1.38038 0.288583
1.39316 0.289432
1.40605 0.290274
1.41906 0.291086
1.43219 0.291877
1.44544 0.292661
1.45881 0.293438
1.47231 0.294208
1.48594 0.29497
1.49968 0.295726
1.51356 0.296468
1.52757 0.297173
1.5417 0.297872
1.55597 0.298564
1.57036 0.29925
1.58489 0.29993
1.59956 0.300603
1.61436 0.301263
1.6293 0.301889
1.64437 0.302509
1.65959 0.303123
1.67494 0.303732
1.69044 0.304335
1.70608 0.304933
1.72187 0.305499
1.7378 0.306047
1.75388 0.30659
1.77011 0.307128
1.78649 0.30766
1.80302 0.308188
1.8197 0.30869
1.83654 0.309163
1.85353 0.309633
1.87068 0.310098
1.88799 0.310558
1.90546 0.311015
1.92309 0.311436
1.94089 0.311835
1.95884 0.31223
1.97697 0.312622
1.99526 0.313011
2.01372 0.313391
2.03236 0.313726
2.05116 0.314058
2.07014 0.314387
2.0893 0.314713
2.10863 0.315036
2.12814 0.315323
2.14783 0.3156
2.1677 0.315874
2.18776 0.316146
2.208 0.316416
2.22844 0.316654
2.24905 0.316883
2.26986 0.317111
2.29087 0.317336
2.31206 0.317559
2.33346 0.317749
2.35505 0.317937
2.37684 0.318123
2.39883 0.318308
2.42103 0.318481
2.44343 0.318635
2.46604 0.318788
2.48886 0.318939
2.51189 0.31909
2.53513 0.319211
2.55859 0.319331
2.58226 0.31945
2.60615 0.319568
2.63027 0.319663
2.65461 0.319749
2.67917 0.319835
2.70396 0.319919
2.72898 0.319982
2.75423 0.320034
2.77971 0.320085
2.80543 0.320136
2.83139 0.320161
2.85759 0.320177
2.88403 0.320193
2.91072 0.320209
2.93765 0.32019
2.96483 0.32017
2.99226 0.320149
3.01995 0.320119
3.04789 0.32006
3.0761 0.320002
3.10456 0.319945
3.13329 0.319863
3.16228 0.319772
3.19154 0.319682
3.22107 0.319586
3.25087 0.319472
3.28095 0.319359
3.31131 0.319248
3.34195 0.319122
3.37287 0.318997
3.40408 0.318874
3.43558 0.318747
3.46737 0.318619
3.49945 0.318493
3.53183 0.318369
3.56451 0.318249
3.59749 0.318129
3.63078 0.318018
3.66438 0.317914
3.69828 0.317811
3.7325 0.317722
3.76704 0.317645
3.80189 0.317568
3.83707 0.317513
3.87258 0.317468
3.90841 0.317424
3.94457 0.317407
3.98107 0.317394
4.01791 0.317384
4.05509 0.317395
4.09261 0.317406
4.13047 0.317424
4.16869 0.317452
4.20727 0.317479
4.2462 0.317514
4.28549 0.317551
4.32514 0.317589
4.36516 0.317632
4.40555 0.317675
4.44631 0.317716
4.48745 0.317756
4.52898 0.317792
4.57088 0.317823
4.61318 0.317853
4.65586 0.317867
4.69894 0.317881
4.74242 0.31788
4.7863 0.31787
4.83059 0.31785
4.87529 0.317811
4.9204 0.317769
4.96592 0.3177
5.01187 0.317631
5.05825 0.317537
5.10505 0.317442
5.15229 0.317328
5.19996 0.317211
5.24807 0.317079
5.29663 0.316942
5.34564 0.316794
5.39511 0.316641
5.44503 0.316481
5.49541 0.316316
5.54626 0.316145
5.59758 0.315971
5.64937 0.315792
5.70164 0.315613
5.7544 0.315431
5.80764 0.315249
5.86138 0.315067
5.91562 0.314887
5.97035 0.314709
6.0256 0.314533
6.08135 0.314362
6.13762 0.314195
6.19441 0.314034
6.25173 0.313878
6.30957 0.313726
6.36796 0.313581
6.42688 0.313438
6.48634 0.313301
6.54636 0.313167
6.60693 0.313036
6.66807 0.31291
6.72977 0.312786
6.79204 0.312665
6.85488 0.312547
6.91831 0.312431
6.98232 0.312317
7.04693 0.312205
7.11214 0.312095
7.17794 0.311985
7.24436 0.311877
7.31139 0.31177
7.37904 0.311662
7.44732 0.311555
7.51623 0.311448
7.58578 0.311339
7.65597 0.31123
7.72681 0.311121
7.7983 0.311009
7.87046 0.310897
7.94328 0.310784
8.01678 0.310672
8.09096 0.31056
8.16582 0.310449
8.24138 0.310338
8.31764 0.31023
8.3946 0.310123
8.47227 0.310019
8.55067 0.309917
8.62979 0.309818
8.70964 0.309723
8.79023 0.309631
8.87156 0.309545
8.95365 0.309462
9.03649 0.309385
9.12011 0.309313
9.2045 0.309248
9.28966 0.309189
9.37562 0.309138
9.46237 0.309094
9.54993 0.309058
9.63829 0.30903
9.72747 0.309011
9.81748 0.309002
9.90832 0.309003
10 0.309012
10.0925 0.309029
10.1859 0.309053
10.2802 0.309083
10.3753 0.30912
10.4713 0.309162
10.5682 0.309209
10.666 0.309259
10.7647 0.309313
10.8643 0.30937
10.9648 0.309428
11.0662 0.309488
11.1686 0.309548
11.272 0.309607
11.3763 0.309665
11.4815 0.309721
11.5878 0.309774
11.695 0.309824
11.8032 0.309869
11.9124 0.309908
12.0226 0.309941
12.1339 0.309966
12.2462 0.309983
12.3595 0.309992
12.4738 0.309991
12.5893 0.309983
12.7057 0.309966
12.8233 0.309941
12.942 0.309908
13.0617 0.309869
13.1826 0.309824
13.3045 0.309772
13.4277 0.309715
13.5519 0.309653
13.6773 0.309587
13.8038 0.309516
13.9316 0.309442
14.0605 0.309365
14.1906 0.309285
14.3219 0.309203
14.4544 0.30912
14.5881 0.309036
14.7231 0.308951
14.8594 0.308866
14.9968 0.308782
15.1356 0.308698
15.2757 0.308617
15.417 0.308538
15.5597 0.308461
15.7036 0.308388
15.8489 0.308317
15.9956 0.30825
16.1436 0.308186
16.293 0.308125
16.4437 0.308066
16.5959 0.308012
16.7494 0.30796
16.9044 0.307912
17.0608 0.307868
17.2187 0.307827
17.378 0.307789
17.5388 0.307756
17.7011 0.307726
17.8649 0.3077
18.0302 0.307679
18.197 0.307661
18.3654 0.307648
18.5353 0.307639
18.7068 0.307635
18.8799 0.307636
19.0546 0.307641
19.2309 0.307651
19.4089 0.307665
19.5884 0.307685
19.7697 0.307709
19.9526 0.307737
20.1372 0.307769
20.3236 0.307806
20.5116 0.307846
20.7014 0.307889
20.893 0.307934
21.0863 0.307982
21.2814 0.308033
21.4783 0.308085
21.677 0.308138
21.8776 0.308193
22.08 0.308248
22.2844 0.308304
22.4905 0.308359
22.6986 0.308414
22.9087 0.308469
23.1206 0.308522
23.3346 0.308574
23.5505 0.308623
23.7684 0.308671
23.9883 0.308716
24.2103 0.308757
24.4343 0.308795
24.6604 0.308829
24.8886 0.308858
25.1189 0.308884
25.3513 0.308906
25.5859 0.308925
25.8226 0.308941
26.0615 0.308954
26.3027 0.308966
26.5461 0.308976
26.7917 0.308984
27.0396 0.308993
27.2898 0.309
27.5423 0.309009
27.7971 0.309018
28.0543 0.309028
28.3139 0.30904
28.5759 0.309054
28.8403 0.309071
29.1072 0.309092
29.3765 0.309116
29.6483 0.309145
29.9226 0.309178
30.1995 0.309217
30.4789 0.309261
30.761 0.309311
31.0456 0.309368
31.3329 0.309431
31.6228 0.309501
31.9154 0.309577
32.2107 0.309657
32.5087 0.309743
32.8095 0.309832
33.1131 0.309925
33.4195 0.310021
33.7287 0.31012
34.0408 0.310221
34.3558 0.310323
34.6737 0.310425
34.9945 0.310529
35.3183 0.310632
35.6451 0.310735
35.9749 0.310838
36.3078 0.310938
36.6438 0.311038
36.9828 0.311134
37.325 0.311228
37.6704 0.311319
38.0189 0.311406
38.3707 0.311489
38.7258 0.311567
39.0841 0.311639
39.4457 0.311706
39.8107 0.311767
40.1791 0.311823
40.5509 0.311874
40.9261 0.31192
41.3048 0.311962
41.6869 0.312001
42.0727 0.312035
42.462 0.312067
42.8548 0.312096
43.2514 0.312122
43.6516 0.312146
44.0555 0.312168
44.4631 0.312189
44.8745 0.312209
45.2898 0.312228
45.7088 0.312247
46.1318 0.312266
46.5586 0.312286
46.9894 0.312308
47.4242 0.312332
47.863 0.312358
48.3059 0.312388
48.7528 0.312421
49.204 0.312459
49.6592 0.312501
50.1187 0.312549
50.5825 0.312602
51.0505 0.312659
51.5229 0.312721
51.9996 0.312786
52.4807 0.312855
52.9663 0.312928
53.4564 0.313005
53.9511 0.313084
54.4503 0.313165
54.9541 0.313249
55.4626 0.313335
55.9758 0.313422
56.4937 0.31351
57.0164 0.313598
57.544 0.313687
58.0764 0.313775
58.6138 0.313863
59.1562 0.313949
59.7035 0.314034
60.256 0.314117
60.8135 0.314198
61.3762 0.314275
61.9441 0.314349
62.5173 0.314419
63.0957 0.314486
63.6796 0.314548
64.2688 0.314608
64.8634 0.314664
65.4636 0.314718
66.0694 0.31477
66.6807 0.314819
67.2977 0.314866
67.9204 0.314913
68.5488 0.314958
69.1831 0.315002
69.8232 0.315046
70.4693 0.31509
71.1214 0.315135
71.7794 0.315179
72.4436 0.315226
73.1139 0.315273
73.7904 0.315323
74.4732 0.315376
75.1623 0.315431
75.8578 0.31549
76.5597 0.315554
77.2681 0.315621
77.983 0.315694
78.7046 0.315773
79.4328 0.315857
80.1678 0.315947
80.9096 0.316042
81.6582 0.316142
82.4138 0.316246
83.1764 0.316355
83.946 0.316467
84.7227 0.316583
85.5067 0.316701
86.2979 0.316822
87.0964 0.316944
87.9023 0.317068
88.7156 0.317193
89.5365 0.317318
90.3649 0.317443
91.2011 0.317568
92.045 0.317691
92.8967 0.317813
93.7562 0.317932
94.6237 0.318048
95.4993 0.318161
96.3829 0.31827
97.2747 0.318375
98.1748 0.318475
99.0832 0.31857
100 0.318659
100.925 0.318745
101.859 0.318831
102.802 0.318916
103.753 0.319
104.713 0.319083
105.682 0.319165
106.66 0.319247
107.647 0.319328
108.643 0.319409
109.648 0.319488
110.662 0.319567
111.686 0.319645
112.72 0.319722
113.763 0.319799
114.815 0.319875
115.878 0.31995
116.95 0.320025
118.032 0.320099
119.124 0.320172
120.226 0.320244
121.339 0.320316
122.462 0.320388
123.595 0.320458
124.738 0.320528
125.893 0.320597
127.057 0.320666
128.233 0.320734
129.42 0.320801
130.617 0.320868
131.826 0.320934
133.045 0.321
134.277 0.321065
135.519 0.321129
136.773 0.321193
138.038 0.321256
139.316 0.321319
140.605 0.321381
141.906 0.321442
143.219 0.321503
144.544 0.321563
145.881 0.321623
147.231 0.321682
148.594 0.321741
149.969 0.321799
151.356 0.321857
152.757 0.321914
154.17 0.321971
155.597 0.322027
157.036 0.322082
158.489 0.322137
159.956 0.322192
161.436 0.322246
162.93 0.322299
164.437 0.322352
165.959 0.322405
167.494 0.322457
169.044 0.322509
170.608 0.32256
172.187 0.32261
173.78 0.322661
175.388 0.32271
177.011 0.32276
178.649 0.322808
180.302 0.322857
181.97 0.322905
183.654 0.322952
185.353 0.322999
187.068 0.323046
188.799 0.323092
190.546 0.323138
192.309 0.323183
194.089 0.323228
195.884 0.323273
197.697 0.323317
199.526 0.32336
201.372 0.323404
203.236 0.323447
205.116 0.323489
207.014 0.323531
208.93 0.323573
210.863 0.323614
212.814 0.323655
214.783 0.323696
216.77 0.323736
218.776 0.323776
220.801 0.323816
222.844 0.323855
224.905 0.323894
226.986 0.323932
229.087 0.32397
231.207 0.324008
233.346 0.324045
235.505 0.324082
237.684 0.324119
239.883 0.324155
242.103 0.324191
244.343 0.324227
246.604 0.324262
248.886 0.324297
251.189 0.324332
253.513 0.324366
255.859 0.324401
258.226 0.324434
260.615 0.324468
263.027 0.324501
265.461 0.324534
267.917 0.324566
270.396 0.324599
272.898 0.324631
275.423 0.324662
277.971 0.324694
280.543 0.324725
283.139 0.324756
285.759 0.324786
288.403 0.324816
291.072 0.324846
293.765 0.324876
296.483 0.324905
299.227 0.324934
301.995 0.324963
304.789 0.324992
307.61 0.32502
310.456 0.325048
313.329 0.325076
316.228 0.325104
319.154 0.325131
322.107 0.325158
325.087 0.325185
328.095 0.325212
331.131 0.325238
334.195 0.325264
337.287 0.32529
340.408 0.325316
343.558 0.325341
346.737 0.325366
349.945 0.325391
353.183 0.325416
356.451 0.32544
359.749 0.325464
363.078 0.325488
366.437 0.325512
369.828 0.325536
373.25 0.325559
376.704 0.325582
380.189 0.325605
383.707 0.325628
387.258 0.325651
390.841 0.325673
394.457 0.325695
398.107 0.325717
401.791 0.325739
405.509 0.32576
409.261 0.325781
413.047 0.325803
416.869 0.325823
420.727 0.325844
424.62 0.325865
428.548 0.325885
432.514 0.325905
436.516 0.325925
440.555 0.325945
444.631 0.325965
448.745 0.325984
452.897 0.326003
457.088 0.326022
461.318 0.326041
465.586 0.32606
469.894 0.326079
474.242 0.326097
478.63 0.326115
483.059 0.326133
487.528 0.326151
492.039 0.326169
496.592 0.326186
501.187 0.326204
505.825 0.326221
510.505 0.326238
515.229 0.326255
519.996 0.326272
524.807 0.326289
529.663 0.326305
534.564 0.326321
539.511 0.326337
544.503 0.326353
549.541 0.326369
554.626 0.326385
559.757 0.326401
564.937 0.326416
570.164 0.326431
575.44 0.326447
580.764 0.326462
586.138 0.326476
591.562 0.326491
597.035 0.326506
602.56 0.32652
608.135 0.326535
613.762 0.326549
619.441 0.326563
625.173 0.326577
630.957 0.326591
636.795 0.326604
642.688 0.326618
648.634 0.326631
654.636 0.326645
660.693 0.326658
666.807 0.326671
672.977 0.326684
679.204 0.326697
685.488 0.32671
691.831 0.326722
698.233 0.326735
704.693 0.326747
711.214 0.326759
717.794 0.326771
724.436 0.326783
731.139 0.326795
737.904 0.326807
744.732 0.326819
751.623 0.326831
758.578 0.326842
765.597 0.326853
772.681 0.326865
779.83 0.326876
787.046 0.326887
794.328 0.326898
801.678 0.326909
809.096 0.32692
816.582 0.32693
824.138 0.326941
831.764 0.326951
839.46 0.326962
847.227 0.326972
855.067 0.326982
862.979 0.326992
870.964 0.327002
879.023 0.327012
887.156 0.327022
895.365 0.327032
903.65 0.327041
912.011 0.327051
920.45 0.327061
928.966 0.32707
937.562 0.327079
946.237 0.327088
954.993 0.327098
963.829 0.327107
972.747 0.327116
981.748 0.327124
990.832 0.327133
1000 0.327142
