0.1 0.068467
0.100925 0.0685367
0.101859 0.0686058
0.102802 0.0686743
0.103753 0.0687421
0.104713 0.0688093
0.105682 0.068876
0.10666 0.0689419
0.107647 0.0690073
0.108643 0.0690721
0.109648 0.0691363
0.110662 0.0705479
0.111686 0.0729882
0.11272 0.0754061
0.113763 0.0778018
0.114815 0.0801756
0.115878 0.0825277
0.11695 0.0848581
0.118032 0.0871672
0.119124 0.0894551
0.120226 0.0917221
0.121339 0.0939683
0.122462 0.0961939
0.123595 0.098399
0.124738 0.100584
0.125893 0.102749
0.127057 0.104894
0.128233 0.107019
0.12942 0.109125
0.130617 0.111212
0.131826 0.113279
0.133045 0.115328
0.134277 0.117358
0.135519 0.119369
0.136773 0.121362
0.138038 0.123336
0.139316 0.125292
0.140605 0.127231
0.141906 0.129151
0.143219 0.131054
0.144544 0.13294
0.145881 0.134808
0.147231 0.136659
0.148594 0.138494
0.149968 0.140311
0.151356 0.142112
0.152757 0.143896
0.15417 0.145664
0.155597 0.147415
0.157036 0.149151
0.158489 0.150871
0.159956 0.152574
0.161436 0.154263
0.16293 0.155935
0.164437 0.157593
0.165959 0.159235
0.167494 0.160862
0.169044 0.162475
0.170608 0.164072
0.172187 0.165655
0.17378 0.167223
0.175388 0.168777
0.177011 0.170317
0.178649 0.171843
0.180302 0.173354
0.18197 0.174852
0.183654 0.176336
0.185353 0.177807
0.187068 0.179264
0.188799 0.180707
0.190546 0.182137
0.192309 0.183555
0.194089 0.184959
0.195884 0.18635
0.197697 0.187729
0.199526 0.189095
0.201372 0.190448
0.203236 0.191789
0.205116 0.193118
0.207014 0.194435
0.20893 0.195739
0.210863 0.19737
0.212814 0.199604
0.214783 0.201818
0.21677 0.204011
0.218776 0.206185
0.2208 0.208338
0.222844 0.210472
0.224905 0.212586
0.226986 0.214681
0.229087 0.216756
0.231206 0.218813
0.233346 0.22085
0.235505 0.222869
0.237684 0.22487
0.239883 0.226852
0.242103 0.228816
0.244343 0.230762
0.246604 0.23269
0.248886 0.234601
0.251189 0.236494
0.253513 0.238369
0.255859 0.240228
0.258226 0.242069
0.260615 0.243893
0.263027 0.245701
0.265461 0.247492
0.267917 0.249267
0.270396 0.251026
0.272898 0.252768
0.275423 0.254494
0.277971 0.256205
0.280543 0.2579
0.283139 0.259579
0.285759 0.261243
0.288403 0.262892
0.291072 0.264525
0.293765 0.266144
0.296483 0.267748
0.299226 0.269337
0.301995 0.270911
0.30479 0.272471
0.30761 0.274017
0.310456 0.275543
0.313329 0.276968
0.316228 0.27838
0.319154 0.279779
0.322107 0.281165
0.325087 0.282539
0.328095 0.2839
0.331131 0.285248
0.334195 0.286584
0.337287 0.287908
0.340408 0.28922
0.343558 0.29052
0.346737 0.291808
0.349945 0.293084
0.353183 0.294348
0.356451 0.295601
0.359749 0.296842
0.363078 0.298072
0.366438 0.29929
0.369828 0.300498
0.37325 0.301694
0.376704 0.30288
0.380189 0.304054
0.383707 0.305218
0.387258 0.306371
0.390841 0.307513
0.394457 0.308645
0.398107 0.309767
0.401791 0.310878
0.405509 0.31198
0.409261 0.313071
0.413047 0.314133
0.416869 0.315179
0.420727 0.316215
0.42462 0.317241
0.428549 0.318258
0.432514 0.319266
0.436516 0.320264
0.440555 0.321254
0.444631 0.322234
0.448745 0.323205
0.452898 0.324168
0.457088 0.325121
0.461318 0.326066
0.465586 0.327002
0.469894 0.327929
0.474242 0.328848
0.47863 0.329759
0.483059 0.330661
0.487528 0.331555
0.49204 0.332441
0.496592 0.333319
0.501187 0.334188
0.505825 0.33505
0.510505 0.335901
0.515229 0.336545
0.519996 0.337183
0.524807 0.337816
0.529663 0.338442
0.534564 0.339063
0.539511 0.339678
0.544503 0.340287
0.549541 0.340891
0.554626 0.341489
0.559758 0.342082
0.564937 0.34267
0.570164 0.343251
0.57544 0.343828
0.580764 0.344399
0.586138 0.344966
0.591562 0.345526
0.597035 0.346082
0.60256 0.346633
0.608135 0.347178
0.613762 0.347516
0.619441 0.347699
0.625173 0.347881
0.630957 0.34806
0.636796 0.348239
0.642688 0.348415
0.648634 0.34859
0.654636 0.348763
0.660693 0.348935
0.666807 0.349105
0.672977 0.349273
0.679204 0.34944
0.685488 0.349606
0.691831 0.34977
0.698232 0.349932
0.704693 0.350093
0.711214 0.350225
0.717794 0.350074
0.724436 0.349924
0.731139 0.349775
0.737904 0.349628
0.744732 0.349482
0.751623 0.349337
0.758578 0.349194
0.765597 0.349052
0.772681 0.348912
0.77983 0.348772
0.787046 0.348634
0.794328 0.348498
0.801678 0.348362
0.809096 0.348228
0.816582 0.347919
0.824138 0.347564
0.831764 0.347212
0.83946 0.346864
0.847227 0.346519
0.855067 0.346177
0.862979 0.345838
0.870964 0.345502
0.879023 0.34517
0.887156 0.34484
0.895365 0.344514
0.903649 0.34419
0.912011 0.343854
0.92045 0.343431
0.928966 0.343012
0.937562 0.342597
0.946237 0.342185
0.954993 0.341777
0.963829 0.341373
0.972747 0.340973
0.981748 0.340576
0.990832 0.340183
1 0.339794
1.00925 0.339408
1.01859 0.338976
1.02802 0.338537
1.03753 0.338102
1.04713 0.337671
1.05682 0.337244
1.0666 0.336821
1.07647 0.336402
1.08643 0.335986
1.09648 0.335575
1.10662 0.335167
1.11686 0.334715
1.1272 0.334232
1.13763 0.333754
1.14815 0.33328
1.15878 0.33281
1.1695 0.332345
1.18032 0.331883
1.19124 0.331426
1.20226 0.330974
1.21339 0.330505
1.22462 0.329964
1.23595 0.329429
1.24738 0.328898
1.25893 0.328372
1.27057 0.327851
1.28233 0.327335
1.2942 0.326823
1.30617 0.326317
1.31826 0.325766
1.33045 0.325186
1.34276 0.324612
1.35519 0.324043
1.36773 0.323479
1.38038 0.32292
1.39316 0.322367
1.40605 0.321818
1.41906 0.321233
1.43219 0.320625
1.44544 0.320023
1.45881 0.319426
1.47231 0.318835
1.48594 0.318249
1.49968 0.317668
1.51356 0.317084
1.52757 0.316458
1.5417 0.315837
1.55597 0.315222
1.57036 0.314613
1.58489 0.314009
1.59956 0.313411
1.61436 0.31281
1.6293 0.31218
1.64437 0.311556
1.65959 0.310938
1.67494 0.310326
1.69044 0.309719
1.70608 0.309118
1.72187 0.308501
1.7378 0.307878
1.75388 0.307262
1.77011 0.306651
1.78649 0.306045
1.80302 0.305445
1.8197 0.304839
1.83654 0.304227
1.85353 0.303619
1.87068 0.303018
1.88799 0.302422
1.90546 0.301831
1.92309 0.301235
1.94089 0.300638
1.95884 0.300046
1.97697 0.29946
1.99526 0.29888
2.01372 0.298303
2.03236 0.297716
2.05116 0.297134
2.07014 0.296558
2.0893 0.295987
2.10863 0.295421
2.12814 0.294845
2.14783 0.294272
2.1677 0.293703
2.18776 0.29314
2.208 0.292582
2.22844 0.292014
2.24905 0.291448
2.26986 0.290886
2.29087 0.29033
2.31206 0.289779
2.33346 0.289215
2.35505 0.288655
2.37684 0.288101
2.39883 0.287551
2.42103 0.287
2.44343 0.286442
2.46604 0.285889
2.48886 0.285342
2.51189 0.284799
2.53513 0.284244
2.55859 0.283694
2.58226 0.283149
2.60615 0.282608
2.63027 0.282061
2.65461 0.281514
2.67917 0.280972
2.70396 0.280435
2.72898 0.279892
2.75423 0.27935
2.77971 0.278812
2.80543 0.278279
2.83139 0.27774
2.85759 0.277201
2.88403 0.276668
2.91072 0.276139
2.93765 0.275601
2.96483 0.275067
2.99226 0.274537
3.01995 0.274009
3.04789 0.273474
3.0761 0.272944
3.10456 0.272419
3.13329 0.271891
3.16228 0.271364
3.19154 0.270843
3.22107 0.270325
3.25087 0.269808
3.28095 0.269296
3.31131 0.268789
3.34195 0.268288
3.37287 0.267793
3.40408 0.267301
3.43558 0.266821
3.46737 0.266347
3.49945 0.265878
3.53183 0.265421
3.56451 0.264976
3.59749 0.264534
3.63078 0.264108
3.66438 0.263696
3.69828 0.263289
3.7325 0.2629
3.76704 0.262528
3.80189 0.262159
3.83707 0.261817
3.87258 0.261489
3.90841 0.261164
3.94457 0.260868
3.98107 0.260581
4.01791 0.260298
4.05509 0.26004
4.09261 0.259784
4.13047 0.259538
4.16869 0.259305
4.20727 0.259073
4.2462 0.258852
4.28549 0.258635
4.32514 0.258422
4.36516 0.258212
4.40555 0.258005
4.44631 0.257797
4.48745 0.25759
4.52898 0.257381
4.57088 0.257168
4.61318 0.256956
4.65586 0.25673
4.69894 0.256505
4.74242 0.256267
4.7863 0.256022
4.83059 0.255768
4.87529 0.255498
4.9204 0.255226
4.96592 0.25493
5.01187 0.254637
5.05825 0.254322
5.10505 0.254009
5.15229 0.25368
5.19996 0.253349
5.24807 0.253008
5.29663 0.252665
5.34564 0.252315
5.39511 0.251962
5.44503 0.251606
5.49541 0.251248
5.54626 0.250888
5.59758 0.250528
5.64937 0.250169
5.70164 0.249811
5.7544 0.249456
5.80764 0.249104
5.86138 0.248757
5.91562 0.248414
5.97035 0.24808
6.0256 0.247751
6.08135 0.247432
6.13762 0.247122
6.19441 0.246822
6.25173 0.246531
6.30957 0.246247
6.36796 0.245975
6.42688 0.245708
6.48634 0.245451
6.54636 0.2452
6.60693 0.244955
6.66807 0.244718
6.72977 0.244486
6.79204 0.24426
6.85488 0.244038
6.91831 0.243821
6.98232 0.243609
7.04693 0.243399
7.11214 0.243193
7.17794 0.242989
7.24436 0.242788
7.31139 0.242588
7.37904 0.242389
7.44732 0.24219
7.51623 0.241992
7.58578 0.241792
7.65597 0.241592
7.72681 0.241391
7.7983 0.241187
7.87046 0.240981
7.94328 0.240775
8.01678 0.240568
8.09096 0.24036
8.16582 0.240151
8.24138 0.239942
8.31764 0.239734
8.3946 0.239525
8.47227 0.239317
8.55067 0.23911
8.62979 0.238904
8.70964 0.2387
8.79023 0.238497
8.87156 0.238296
8.95365 0.238097
9.03649 0.237901
9.12011 0.237708
9.2045 0.237519
9.28966 0.237333
9.37562 0.237151
9.46237 0.236973
9.54993 0.236799
9.63829 0.236631
9.72747 0.236467
9.81748 0.236309
9.90832 0.236157
10 0.236009
10.0925 0.235865
10.1859 0.235726
10.2802 0.235591
10.3753 0.235459
10.4713 0.23533
10.5682 0.235204
10.666 0.23508
10.7647 0.234958
10.8643 0.234838
10.9648 0.23472
11.0662 0.234603
11.1686 0.234486
11.272 0.234369
11.3763 0.234253
11.4815 0.234136
11.5878 0.234018
11.695 0.233898
11.8032 0.233778
11.9124 0.233655
12.0226 0.233529
12.1339 0.2334
12.2462 0.233268
12.3595 0.233133
12.4738 0.232993
12.5893 0.232851
12.7057 0.232706
12.8233 0.232558
12.942 0.232407
13.0617 0.232254
13.1826 0.232099
13.3045 0.231942
13.4277 0.231784
13.5519 0.231625
13.6773 0.231465
13.8038 0.231305
13.9316 0.231144
14.0605 0.230983
14.1906 0.230823
14.3219 0.230664
14.4544 0.230505
14.5881 0.230348
14.7231 0.230193
14.8594 0.23004
14.9968 0.229889
15.1356 0.229741
15.2757 0.229596
15.417 0.229455
15.5597 0.229317
15.7036 0.229183
15.8489 0.229053
15.9956 0.228927
16.1436 0.228804
16.293 0.228684
16.4437 0.228567
16.5959 0.228453
16.7494 0.228343
16.9044 0.228234
17.0608 0.228129
17.2187 0.228026
17.378 0.227925
17.5388 0.227826
17.7011 0.22773
17.8649 0.227635
18.0302 0.227541
18.197 0.22745
18.3654 0.227359
18.5353 0.22727
18.7068 0.227182
18.8799 0.227094
19.0546 0.227008
19.2309 0.226921
19.4089 0.226836
19.5884 0.22675
19.7697 0.226664
19.9526 0.226578
20.1372 0.226492
20.3236 0.226407
20.5116 0.226321
20.7014 0.226235
20.893 0.22615
21.0863 0.226064
21.2814 0.225978
21.4783 0.225892
21.677 0.225806
21.8776 0.22572
22.08 0.225634
22.2844 0.225547
22.4905 0.225461
22.6986 0.225374
22.9087 0.225287
23.1206 0.2252
23.3346 0.225113
23.5505 0.225026
23.7684 0.224938
23.9883 0.22485
24.2103 0.224762
24.4343 0.224673
24.6604 0.224584
24.8886 0.224495
25.1189 0.224406
25.3513 0.224317
25.5859 0.224227
25.8226 0.224138
26.0615 0.224048
26.3027 0.223959
26.5461 0.22387
26.7917 0.223781
27.0396 0.223692
27.2898 0.223604
27.5423 0.223517
27.7971 0.223429
28.0543 0.223343
28.3139 0.223257
28.5759 0.223172
28.8403 0.223088
29.1072 0.223005
29.3765 0.222923
29.6483 0.222843
29.9226 0.222763
30.1995 0.222685
30.4789 0.222608
30.761 0.222533
31.0456 0.222459
31.3329 0.222387
31.6228 0.222317
31.9154 0.222248
32.2107 0.222181
32.5087 0.222114
32.8095 0.222049
33.1131 0.221985
33.4195 0.221922
33.7287 0.221859
34.0408 0.221798
34.3558 0.221737
34.6737 0.221677
34.9945 0.221616
35.3183 0.221557
35.6451 0.221497
35.9749 0.221438
36.3078 0.221378
36.6438 0.221318
36.9828 0.221258
37.325 0.221197
37.6704 0.221136
38.0189 0.221074
38.3707 0.221012
38.7258 0.220948
39.0841 0.220883
39.4457 0.220817
39.8107 0.22075
40.1791 0.220682
40.5509 0.220613
40.9261 0.220543
41.3048 0.220473
41.6869 0.220401
42.0727 0.22033
42.462 0.220258
42.8548 0.220186
43.2514 0.220114
43.6516 0.220042
44.0555 0.219969
44.4631 0.219898
44.8745 0.219826
45.2898 0.219755
45.7088 0.219685
46.1318 0.219615
46.5586 0.219546
46.9894 0.219479
47.4242 0.219412
47.863 0.219347
48.3059 0.219283
48.7528 0.219221
49.204 0.219161
49.6592 0.219103
50.1187 0.219046
50.5825 0.218991
51.0505 0.218938
51.5229 0.218886
51.9996 0.218835
52.4807 0.218785
52.9663 0.218736
53.4564 0.218688
53.9511 0.218641
54.4503 0.218594
54.9541 0.218548
55.4626 0.218502
55.9758 0.218456
56.4937 0.21841
57.0164 0.218363
57.544 0.218316
58.0764 0.218269
58.6138 0.218221
59.1562 0.218172
59.7035 0.218122
60.256 0.21807
60.8135 0.218018
61.3762 0.217963
61.9441 0.217907
62.5173 0.217849
63.0957 0.217789
63.6796 0.217727
64.2688 0.217664
64.8634 0.2176
65.4636 0.217535
66.0694 0.217469
66.6807 0.217402
67.2977 0.217336
67.9204 0.217269
68.5488 0.217203
69.1831 0.217137
69.8232 0.217071
70.4693 0.217007
71.1214 0.216944
71.7794 0.216883
72.4436 0.216823
73.1139 0.216765
73.7904 0.21671
74.4732 0.216657
75.1623 0.216607
75.8578 0.216561
76.5597 0.216518
77.2681 0.216479
77.983 0.216444
78.7046 0.216413
79.4328 0.216387
80.1678 0.216365
80.9096 0.216347
81.6582 0.216332
82.4138 0.21632
83.1764 0.216311
83.946 0.216305
84.7227 0.2163
85.5067 0.216298
86.2979 0.216297
87.0964 0.216297
87.9023 0.216298
88.7156 0.216299
89.5365 0.2163
90.3649 0.216301
91.2011 0.216301
92.045 0.2163
92.8967 0.216298
93.7562 0.216293
94.6237 0.216287
95.4993 0.216277
96.3829 0.216265
97.2747 0.216248
98.1748 0.216228
99.0832 0.216203
100 0.216174
100.925 0.216143
101.859 0.216112
102.802 0.216081
103.753 0.216051
104.713 0.216021
105.682 0.215991
106.66 0.215962
107.647 0.215933
108.643 0.215904
109.648 0.215875
110.662 0.215847
111.686 0.215819
112.72 0.215791
113.763 0.215763
114.815 0.215736
115.878 0.215709
116.95 0.215682
118.032 0.215656
119.124 0.215629
120.226 0.215603
121.339 0.215577
122.462 0.215552
123.595 0.215526
124.738 0.215501
125.893 0.215476
127.057 0.215451
128.233 0.215427
129.42 0.215403
130.617 0.215379
131.826 0.215355
133.045 0.215331
134.277 0.215308
135.519 0.215285
136.773 0.215262
138.038 0.215239
139.316 0.215216
140.605 0.215194
141.906 0.215172
143.219 0.21515
144.544 0.215128
145.881 0.215107
147.231 0.215086
148.594 0.215064
149.969 0.215043
151.356 0.215023
152.757 0.215002
154.17 0.214982
155.597 0.214962
157.036 0.214942
158.489 0.214922
159.956 0.214902
161.436 0.214883
162.93 0.214864
164.437 0.214844
165.959 0.214826
167.494 0.214807
169.044 0.214788
170.608 0.21477
172.187 0.214752
173.78 0.214734
175.388 0.214716
177.011 0.214698
178.649 0.21468
180.302 0.214663
181.97 0.214646
183.654 0.214629
185.353 0.214612
187.068 0.214595
188.799 0.214578
190.546 0.214562
192.309 0.214545
194.089 0.214529
195.884 0.214513
197.697 0.214497
199.526 0.214482
201.372 0.214466
203.236 0.214451
205.116 0.214435
207.014 0.21442
208.93 0.214405
210.863 0.21439
212.814 0.214375
214.783 0.214361
216.77 0.214346
218.776 0.214332
220.801 0.214318
222.844 0.214304
224.905 0.21429
226.986 0.214276
229.087 0.214262
231.207 0.214249
233.346 0.214235
235.505 0.214222
237.684 0.214209
239.883 0.214196
242.103 0.214183
244.343 0.21417
246.604 0.214157
248.886 0.214144
251.189 0.214132
253.513 0.21412
255.859 0.214107
258.226 0.214095
260.615 0.214083
263.027 0.214071
265.461 0.214059
267.917 0.214048
270.396 0.214036
272.898 0.214024
275.423 0.214013
277.971 0.214002
280.543 0.213991
283.139 0.21398
285.759 0.213969
288.403 0.213958
291.072 0.213947
293.765 0.213936
296.483 0.213926
299.227 0.213915
301.995 0.213905
304.789 0.213894
307.61 0.213884
310.456 0.213874
313.329 0.213864
316.228 0.213854
319.154 0.213844
322.107 0.213835
325.087 0.213825
328.095 0.213815
331.131 0.213806
334.195 0.213796
337.287 0.213787
340.408 0.213778
343.558 0.213769
346.737 0.21376
349.945 0.213751
353.183 0.213742
356.451 0.213733
359.749 0.213724
363.078 0.213716
366.437 0.213707
369.828 0.213699
373.25 0.21369
376.704 0.213682
380.189 0.213674
383.707 0.213666
387.258 0.213657
390.841 0.213649
394.457 0.213641
398.107 0.213634
401.791 0.213626
405.509 0.213618
409.261 0.21361
413.047 0.213603
416.869 0.213595
420.727 0.213588
424.62 0.21358
428.548 0.213573
432.514 0.213566
436.516 0.213559
440.555 0.213551
444.631 0.213544
448.745 0.213537
452.897 0.21353
457.088 0.213524
461.318 0.213517
465.586 0.21351
469.894 0.213503
474.242 0.213497
478.63 0.21349
483.059 0.213484
487.528 0.213477
492.039 0.213471
496.592 0.213465
501.187 0.213458
505.825 0.213452
510.505 0.213446
515.229 0.21344
519.996 0.213434
524.807 0.213428
529.663 0.213422
534.564 0.213416
539.511 0.21341
544.503 0.213404
549.541 0.213399
554.626 0.213393
559.757 0.213387
564.937 0.213382
570.164 0.213376
575.44 0.213371
580.764 0.213366
586.138 0.21336
591.562 0.213355
597.035 0.21335
602.56 0.213344
608.135 0.213339
613.762 0.213334
619.441 0.213329
625.173 0.213324
630.957 0.213319
636.795 0.213314
642.688 0.213309
648.634 0.213304
654.636 0.2133
660.693 0.213295
666.807 0.21329
672.977 0.213285
679.204 0.213281
685.488 0.213276
691.831 0.213272
698.233 0.213267
704.693 0.213263
711.214 0.213258
717.794 0.213254
724.436 0.21325
731.139 0.213245
737.904 0.213241
744.732 0.213237
751.623 0.213233
758.578 0.213229
765.597 0.213224
772.681 0.21322
779.83 0.213216
787.046 0.213212
794.328 0.213208
801.678 0.213205
809.096 0.213201
816.582 0.213197
824.138 0.213193
831.764 0.213189
839.46 0.213186
847.227 0.213182
855.067 0.213178
862.979 0.213174
870.964 0.213171
879.023 0.213167
887.156 0.213164
895.365 0.21316
903.65 0.213157
912.011 0.213153
920.45 0.21315
928.966 0.213147
937.562 0.213143
946.237 0.21314
954.993 0.213137
963.829 0.213133
972.747 0.21313
981.748 0.213127
990.832 0.213124
1000 0.213121
