0.1 0.0460543
0.100925 0.0461011
0.101859 0.0461475
0.102802 0.0461935
0.103753 0.0462391
0.104713 0.0462843
0.105682 0.046329
0.10666 0.0463734
0.107647 0.0464173
0.108643 0.0464608
0.109648 0.0465039
0.110662 0.0470741
0.111686 0.0480466
0.11272 0.0490102
0.113763 0.0499649
0.114815 0.0509109
0.115878 0.0518482
0.11695 0.0527769
0.118032 0.0536971
0.119124 0.0546089
0.120226 0.0555123
0.121339 0.0564074
0.122462 0.0572944
0.123595 0.0581732
0.124738 0.0590439
0.125893 0.0599067
0.127057 0.0607615
0.128233 0.0616085
0.12942 0.0624477
0.130617 0.0632793
0.131826 0.0641032
0.133045 0.0649196
0.134277 0.0657285
0.135519 0.0665299
0.136773 0.0673241
0.138038 0.0681109
0.139316 0.0688905
0.140605 0.069663
0.141906 0.0704284
0.143219 0.0711868
0.144544 0.0719382
0.145881 0.0726827
0.147231 0.0734204
0.148594 0.0741514
0.149968 0.0748756
0.151356 0.0755933
0.152757 0.0763043
0.15417 0.0770088
0.155597 0.0777068
0.157036 0.0783985
0.158489 0.0790838
0.159956 0.0797628
0.161436 0.0804356
0.16293 0.0811023
0.164437 0.0817628
0.165959 0.0824172
0.167494 0.0830657
0.169044 0.0837082
0.170608 0.0843449
0.172187 0.0849756
0.17378 0.0856007
0.175388 0.0862199
0.177011 0.0868335
0.178649 0.0874415
0.180302 0.0880439
0.18197 0.0886408
0.183654 0.0892322
0.185353 0.0898182
0.187068 0.0903988
0.188799 0.0909741
0.190546 0.0915441
0.192309 0.0921089
0.194089 0.0926685
0.195884 0.093223
0.197697 0.0937724
0.199526 0.0943167
0.201372 0.0948561
0.203236 0.0953905
0.205116 0.0959201
0.207014 0.0964447
0.20893 0.0969646
0.210863 0.0974955
0.212814 0.0980505
0.214783 0.0986005
0.21677 0.0991454
0.218776 0.0996853
0.2208 0.10022
0.222844 0.10075
0.224905 0.101276
0.226986 0.101796
0.229087 0.102311
0.231206 0.102822
0.233346 0.103329
0.235505 0.10383
0.237684 0.104327
0.239883 0.104819
0.242103 0.105307
0.244343 0.105791
0.246604 0.10627
0.248886 0.106744
0.251189 0.107215
0.253513 0.107681
0.255859 0.108142
0.258226 0.1086
0.260615 0.109053
0.263027 0.109502
0.265461 0.109947
0.267917 0.110388
0.270396 0.110825
0.272898 0.111257
0.275423 0.111686
0.277971 0.112111
0.280543 0.112532
0.283139 0.112949
0.285759 0.113363
0.288403 0.113772
0.291072 0.114178
0.293765 0.11458
0.296483 0.114979
0.299226 0.115373
0.301995 0.115765
0.30479 0.116152
0.30761 0.116536
0.310456 0.116914
0.313329 0.117259
0.316228 0.117601
0.319154 0.117939
0.322107 0.118274
0.325087 0.118606
0.328095 0.118936
0.331131 0.119262
0.334195 0.119585
0.337287 0.119905
0.340408 0.120222
0.343558 0.120537
0.346737 0.120848
0.349945 0.121157
0.353183 0.121463
0.356451 0.121766
0.359749 0.122066
0.363078 0.122363
0.366438 0.122658
0.369828 0.12295
0.37325 0.123239
0.376704 0.123526
0.380189 0.12381
0.383707 0.124091
0.387258 0.12437
0.390841 0.124647
0.394457 0.12492
0.398107 0.125192
0.401791 0.12546
0.405509 0.125727
0.409261 0.125991
0.413047 0.126295
0.416869 0.126614
0.420727 0.12693
0.42462 0.127243
0.428549 0.127554
0.432514 0.127861
0.436516 0.128166
0.440555 0.128468
0.444631 0.128767
0.448745 0.129063
0.452898 0.129357
0.457088 0.129648
0.461318 0.129936
0.465586 0.130222
0.469894 0.130505
0.474242 0.130786
0.47863 0.131064
0.483059 0.131339
0.487528 0.131612
0.49204 0.131882
0.496592 0.13215
0.501187 0.132415
0.505825 0.132678
0.510505 0.132939
0.515229 0.133199
0.519996 0.133457
0.524807 0.133712
0.529663 0.133965
0.534564 0.134216
0.539511 0.134465
0.544503 0.134711
0.549541 0.134955
0.554626 0.135196
0.559758 0.135436
0.564937 0.135673
0.570164 0.135908
0.57544 0.136141
0.580764 0.136372
0.586138 0.136601
0.591562 0.136828
0.597035 0.137052
0.60256 0.137275
0.608135 0.137495
0.613762 0.137705
0.619441 0.137907
0.625173 0.138107
0.630957 0.138306
0.636796 0.138502
0.642688 0.138697
0.648634 0.13889
0.654636 0.139081
0.660693 0.139271
0.666807 0.139458
0.672977 0.139644
0.679204 0.139829
0.685488 0.140011
0.691831 0.140192
0.698232 0.140371
0.704693 0.140549
0.711214 0.140725
0.717794 0.140899
0.724436 0.141071
0.731139 0.141242
0.737904 0.141411
0.744732 0.141578
0.751623 0.141744
0.758578 0.141909
0.765597 0.142072
0.772681 0.142233
0.77983 0.142393
0.787046 0.142552
0.794328 0.142709
0.801678 0.142865
0.809096 0.143019
0.816582 0.143177
0.824138 0.143336
0.831764 0.143493
0.83946 0.143648
0.847227 0.143803
0.855067 0.143955
0.862979 0.144107
0.870964 0.144257
0.879023 0.144405
0.887156 0.144552
0.895365 0.144698
0.903649 0.144843
0.912011 0.144987
0.92045 0.145139
0.928966 0.14529
0.937562 0.145439
0.946237 0.145587
0.954993 0.145734
0.963829 0.145879
0.972747 0.146023
0.981748 0.146165
0.990832 0.146306
1 0.146446
1.00925 0.146585
1.01859 0.146729
1.02802 0.146874
1.03753 0.147017
1.04713 0.147159
1.05682 0.147299
1.0666 0.147438
1.07647 0.147576
1.08643 0.147713
1.09648 0.147849
1.10662 0.147983
1.11686 0.148116
1.1272 0.148249
1.13763 0.14838
1.14815 0.14851
1.15878 0.148639
1.1695 0.148766
1.18032 0.148893
1.19124 0.149018
1.20226 0.149142
1.21339 0.149264
1.22462 0.14938
1.23595 0.149495
1.24738 0.149609
1.25893 0.149722
1.27057 0.149834
1.28233 0.149945
1.2942 0.150055
1.30617 0.150164
1.31826 0.150265
1.33045 0.15036
1.34276 0.150453
1.35519 0.150546
1.36773 0.150638
1.38038 0.15073
1.39316 0.15082
1.40605 0.15091
1.41906 0.150985
1.43219 0.15105
1.44544 0.151114
1.45881 0.151178
1.47231 0.151242
1.48594 0.151304
1.49968 0.151367
1.51356 0.151423
1.52757 0.151452
1.5417 0.15148
1.55597 0.151508
1.57036 0.151536
1.58489 0.151563
1.59956 0.151591
1.61436 0.151611
1.6293 0.151602
1.64437 0.151593
1.65959 0.151585
1.67494 0.151576
1.69044 0.151568
1.70608 0.151559
1.72187 0.15153
1.7378 0.151489
1.75388 0.151448
1.77011 0.151408
1.78649 0.151368
1.80302 0.151329
1.8197 0.151276
1.83654 0.151208
1.85353 0.151142
1.87068 0.151075
1.88799 0.15101
1.90546 0.150945
1.92309 0.150864
1.94089 0.150776
1.95884 0.150688
1.97697 0.150601
1.99526 0.150515
2.01372 0.150427
2.03236 0.150322
2.05116 0.150219
2.07014 0.150116
2.0893 0.150014
2.10863 0.149913
2.12814 0.1498
2.14783 0.149685
2.1677 0.149571
2.18776 0.149458
2.208 0.149346
2.22844 0.149223
2.24905 0.149099
2.26986 0.148976
2.29087 0.148855
2.31206 0.148734
2.33346 0.148601
2.35505 0.148469
2.37684 0.148338
2.39883 0.148208
2.42103 0.148074
2.44343 0.147934
2.46604 0.147795
2.48886 0.147657
2.51189 0.147521
2.53513 0.147372
2.55859 0.147225
2.58226 0.147079
2.60615 0.146934
2.63027 0.14678
2.65461 0.146623
2.67917 0.146468
2.70396 0.146314
2.72898 0.146152
2.75423 0.145986
2.77971 0.145821
2.80543 0.145658
2.83139 0.145485
2.85759 0.14531
2.88403 0.145135
2.91072 0.144963
2.93765 0.144777
2.96483 0.144592
2.99226 0.144409
3.01995 0.144223
3.04789 0.144027
3.0761 0.143833
3.10456 0.143641
3.13329 0.143441
3.16228 0.143239
3.19154 0.143039
3.22107 0.142838
3.25087 0.142632
3.28095 0.142428
3.31131 0.142226
3.34195 0.14202
3.37287 0.141815
3.40408 0.141613
3.43558 0.14141
3.46737 0.141209
3.49945 0.14101
3.53183 0.140814
3.56451 0.14062
3.59749 0.140428
3.63078 0.140241
3.66438 0.140058
3.69828 0.139876
3.7325 0.139701
3.76704 0.139532
3.80189 0.139364
3.83707 0.139205
3.87258 0.139052
3.90841 0.138901
3.94457 0.13876
3.98107 0.138622
4.01791 0.138486
4.05509 0.138358
4.09261 0.138232
4.13047 0.13811
4.16869 0.137992
4.20727 0.137874
4.2462 0.137761
4.28549 0.137649
4.32514 0.137537
4.36516 0.137428
4.40555 0.137319
4.44631 0.137209
4.48745 0.137099
4.52898 0.136989
4.57088 0.136876
4.61318 0.136764
4.65586 0.136645
4.69894 0.136528
4.74242 0.136404
4.7863 0.136278
4.83059 0.136148
4.87529 0.136011
4.9204 0.135874
4.96592 0.135726
5.01187 0.13558
5.05825 0.135424
5.10505 0.135269
5.15229 0.135107
5.19996 0.134944
5.24807 0.134777
5.29663 0.134609
5.34564 0.134437
5.39511 0.134265
5.44503 0.13409
5.49541 0.133915
5.54626 0.133738
5.59758 0.133561
5.64937 0.133384
5.70164 0.133207
5.7544 0.13303
5.80764 0.132855
5.86138 0.13268
5.91562 0.132508
5.97035 0.132338
6.0256 0.132169
6.08135 0.132005
6.13762 0.131843
6.19441 0.131684
6.25173 0.131529
6.30957 0.131377
6.36796 0.131228
6.42688 0.131081
6.48634 0.130938
6.54636 0.130796
6.60693 0.130657
6.66807 0.130521
6.72977 0.130386
6.79204 0.130254
6.85488 0.130123
6.91831 0.129994
6.98232 0.129867
7.04693 0.129741
7.11214 0.129616
7.17794 0.129493
7.24436 0.12937
7.31139 0.129248
7.37904 0.129127
7.44732 0.129006
7.51623 0.128886
7.58578 0.128765
7.65597 0.128645
7.72681 0.128524
7.7983 0.128403
7.87046 0.128282
7.94328 0.128162
8.01678 0.128041
8.09096 0.127921
8.16582 0.127802
8.24138 0.127683
8.31764 0.127565
8.3946 0.127448
8.47227 0.127332
8.55067 0.127218
8.62979 0.127104
8.70964 0.126992
8.79023 0.126882
8.87156 0.126773
8.95365 0.126667
9.03649 0.126562
9.12011 0.126459
9.2045 0.126359
9.28966 0.126262
9.37562 0.126167
9.46237 0.126075
9.54993 0.125986
9.63829 0.1259
9.72747 0.125817
9.81748 0.125738
9.90832 0.125662
10 0.125589
10.0925 0.125519
10.1859 0.125451
10.2802 0.125386
10.3753 0.125323
10.4713 0.125262
10.5682 0.125202
10.666 0.125144
10.7647 0.125088
10.8643 0.125032
10.9648 0.124977
11.0662 0.124923
11.1686 0.124869
11.272 0.124816
11.3763 0.124762
11.4815 0.124708
11.5878 0.124653
11.695 0.124597
11.8032 0.124541
11.9124 0.124483
12.0226 0.124423
12.1339 0.124361
12.2462 0.124297
12.3595 0.124231
12.4738 0.124162
12.5893 0.124091
12.7057 0.124018
12.8233 0.123944
12.942 0.123867
13.0617 0.123788
13.1826 0.123708
13.3045 0.123627
13.4277 0.123544
13.5519 0.12346
13.6773 0.123376
13.8038 0.12329
13.9316 0.123204
14.0605 0.123117
14.1906 0.12303
14.3219 0.122943
14.4544 0.122856
14.5881 0.122769
14.7231 0.122683
14.8594 0.122596
14.9968 0.122511
15.1356 0.122426
15.2757 0.122343
15.417 0.12226
15.5597 0.122179
15.7036 0.1221
15.8489 0.122021
15.9956 0.121945
16.1436 0.121869
16.293 0.121795
16.4437 0.121723
16.5959 0.121651
16.7494 0.121582
16.9044 0.121513
17.0608 0.121446
17.2187 0.121381
17.378 0.121316
17.5388 0.121254
17.7011 0.121192
17.8649 0.121132
18.0302 0.121074
18.197 0.121016
18.3654 0.120961
18.5353 0.120906
18.7068 0.120853
18.8799 0.120801
19.0546 0.120751
19.2309 0.120702
19.4089 0.120654
19.5884 0.120608
19.7697 0.120564
19.9526 0.12052
20.1372 0.120478
20.3236 0.120437
20.5116 0.120397
20.7014 0.120358
20.893 0.120319
21.0863 0.120282
21.2814 0.120246
21.4783 0.12021
21.677 0.120175
21.8776 0.120141
22.08 0.120107
22.2844 0.120073
22.4905 0.12004
22.6986 0.120007
22.9087 0.119974
23.1206 0.119942
23.3346 0.119909
23.5505 0.119877
23.7684 0.119844
23.9883 0.119811
24.2103 0.119777
24.4343 0.119743
24.6604 0.119709
24.8886 0.119674
25.1189 0.119638
25.3513 0.119602
25.5859 0.119566
25.8226 0.11953
26.0615 0.119493
26.3027 0.119457
26.5461 0.119421
26.7917 0.119384
27.0396 0.119348
27.2898 0.119313
27.5423 0.119278
27.7971 0.119243
28.0543 0.119209
28.3139 0.119176
28.5759 0.119144
28.8403 0.119113
29.1072 0.119083
29.3765 0.119055
29.6483 0.119027
29.9226 0.119001
30.1995 0.118977
30.4789 0.118955
30.761 0.118934
31.0456 0.118916
31.3329 0.118899
31.6228 0.118885
31.9154 0.118872
32.2107 0.118861
32.5087 0.118851
32.8095 0.118843
33.1131 0.118837
33.4195 0.118831
33.7287 0.118826
34.0408 0.118822
34.3558 0.118819
34.6737 0.118816
34.9945 0.118814
35.3183 0.118812
35.6451 0.11881
35.9749 0.118808
36.3078 0.118805
36.6438 0.118803
36.9828 0.118799
37.325 0.118795
37.6704 0.11879
38.0189 0.118784
38.3707 0.118776
38.7258 0.118767
39.0841 0.118756
39.4457 0.118744
39.8107 0.118729
40.1791 0.118713
40.5509 0.118696
40.9261 0.118677
41.3048 0.118657
41.6869 0.118636
42.0727 0.118614
42.462 0.118591
42.8548 0.118568
43.2514 0.118544
43.6516 0.118519
44.0555 0.118494
44.4631 0.118469
44.8745 0.118444
45.2898 0.118419
45.7088 0.118394
46.1318 0.11837
46.5586 0.118346
46.9894 0.118324
47.4242 0.118302
47.863 0.118281
48.3059 0.118261
48.7528 0.118243
49.204 0.118226
49.6592 0.118211
50.1187 0.118198
50.5825 0.118186
51.0505 0.118175
51.5229 0.118166
51.9996 0.118159
52.4807 0.118152
52.9663 0.118147
53.4564 0.118142
53.9511 0.118138
54.4503 0.118135
54.9541 0.118133
55.4626 0.118131
55.9758 0.118129
56.4937 0.118128
57.0164 0.118127
57.544 0.118126
58.0764 0.118124
58.6138 0.118123
59.1562 0.118121
59.7035 0.118118
60.256 0.118115
60.8135 0.118111
61.3762 0.118107
61.9441 0.118101
62.5173 0.118094
63.0957 0.118086
63.6796 0.118077
64.2688 0.118066
64.8634 0.118056
65.4636 0.118044
66.0694 0.118032
66.6807 0.11802
67.2977 0.118007
67.9204 0.117994
68.5488 0.117981
69.1831 0.117968
69.8232 0.117955
70.4693 0.117942
71.1214 0.11793
71.7794 0.117919
72.4436 0.117908
73.1139 0.117899
73.7904 0.11789
74.4732 0.117882
75.1623 0.117876
75.8578 0.117871
76.5597 0.117868
77.2681 0.117867
77.983 0.117868
78.7046 0.117871
79.4328 0.117876
80.1678 0.117883
80.9096 0.117892
81.6582 0.117902
82.4138 0.117914
83.1764 0.117928
83.946 0.117942
84.7227 0.117958
85.5067 0.117975
86.2979 0.117992
87.0964 0.11801
87.9023 0.118029
88.7156 0.118048
89.5365 0.118066
90.3649 0.118085
91.2011 0.118104
92.045 0.118122
92.8967 0.11814
93.7562 0.118157
94.6237 0.118173
95.4993 0.118187
96.3829 0.118201
97.2747 0.118213
98.1748 0.118223
99.0832 0.118231
100 0.118237
100.925 0.118243
101.859 0.118248
102.802 0.118253
103.753 0.118259
104.713 0.118264
105.682 0.118269
106.66 0.118274
107.647 0.118279
108.643 0.118284
109.648 0.118289
110.662 0.118294
111.686 0.118298
112.72 0.118303
113.763 0.118308
114.815 0.118313
115.878 0.118317
116.95 0.118322
118.032 0.118327
119.124 0.118331
120.226 0.118336
121.339 0.11834
122.462 0.118344
123.595 0.118349
124.738 0.118353
125.893 0.118357
127.057 0.118362
128.233 0.118366
129.42 0.11837
130.617 0.118374
131.826 0.118378
133.045 0.118382
134.277 0.118386
135.519 0.11839
136.773 0.118394
138.038 0.118398
139.316 0.118402
140.605 0.118406
141.906 0.11841
143.219 0.118414
144.544 0.118417
145.881 0.118421
147.231 0.118425
148.594 0.118428
149.969 0.118432
151.356 0.118436
152.757 0.118439
154.17 0.118443
155.597 0.118446
157.036 0.118449
158.489 0.118453
159.956 0.118456
161.436 0.11846
162.93 0.118463
164.437 0.118466
165.959 0.118469
167.494 0.118473
169.044 0.118476
170.608 0.118479
172.187 0.118482
173.78 0.118485
175.388 0.118488
177.011 0.118491
178.649 0.118494
180.302 0.118497
181.97 0.1185
183.654 0.118503
185.353 0.118506
187.068 0.118509
188.799 0.118512
190.546 0.118515
192.309 0.118518
194.089 0.11852
195.884 0.118523
197.697 0.118526
199.526 0.118529
201.372 0.118531
203.236 0.118534
205.116 0.118537
207.014 0.118539
208.93 0.118542
210.863 0.118544
212.814 0.118547
214.783 0.118549
216.77 0.118552
218.776 0.118554
220.801 0.118557
222.844 0.118559
224.905 0.118562
226.986 0.118564
229.087 0.118566
231.207 0.118569
233.346 0.118571
235.505 0.118573
237.684 0.118576
239.883 0.118578
242.103 0.11858
244.343 0.118582
246.604 0.118584
248.886 0.118587
251.189 0.118589
253.513 0.118591
255.859 0.118593
258.226 0.118595
260.615 0.118597
263.027 0.118599
265.461 0.118601
267.917 0.118603
270.396 0.118605
272.898 0.118607
275.423 0.118609
277.971 0.118611
280.543 0.118613
283.139 0.118615
285.759 0.118617
288.403 0.118619
291.072 0.118621
293.765 0.118622
296.483 0.118624
299.227 0.118626
301.995 0.118628
304.789 0.11863
307.61 0.118631
310.456 0.118633
313.329 0.118635
316.228 0.118637
319.154 0.118638
322.107 0.11864
325.087 0.118642
328.095 0.118643
331.131 0.118645
334.195 0.118647
337.287 0.118648
340.408 0.11865
343.558 0.118651
346.737 0.118653
349.945 0.118654
353.183 0.118656
356.451 0.118657
359.749 0.118659
363.078 0.11866
366.437 0.118662
369.828 0.118663
373.25 0.118665
376.704 0.118666
380.189 0.118668
383.707 0.118669
387.258 0.11867
390.841 0.118672
394.457 0.118673
398.107 0.118675
401.791 0.118676
405.509 0.118677
409.261 0.118679
413.047 0.11868
416.869 0.118681
420.727 0.118682
424.62 0.118684
428.548 0.118685
432.514 0.118686
436.516 0.118687
440.555 0.118689
444.631 0.11869
448.745 0.118691
452.897 0.118692
457.088 0.118694
461.318 0.118695
465.586 0.118696
469.894 0.118697
474.242 0.118698
478.63 0.118699
483.059 0.1187
487.528 0.118701
492.039 0.118703
496.592 0.118704
501.187 0.118705
505.825 0.118706
510.505 0.118707
515.229 0.118708
519.996 0.118709
524.807 0.11871
529.663 0.118711
534.564 0.118712
539.511 0.118713
544.503 0.118714
549.541 0.118715
554.626 0.118716
559.757 0.118717
564.937 0.118718
570.164 0.118719
575.44 0.11872
580.764 0.118721
586.138 0.118722
591.562 0.118723
597.035 0.118723
602.56 0.118724
608.135 0.118725
613.762 0.118726
619.441 0.118727
625.173 0.118728
630.957 0.118729
636.795 0.11873
642.688 0.11873
648.634 0.118731
654.636 0.118732
660.693 0.118733
666.807 0.118734
672.977 0.118734
679.204 0.118735
685.488 0.118736
691.831 0.118737
698.233 0.118738
704.693 0.118738
711.214 0.118739
717.794 0.11874
724.436 0.118741
731.139 0.118741
737.904 0.118742
744.732 0.118743
751.623 0.118744
758.578 0.118744
765.597 0.118745
772.681 0.118746
779.83 0.118746
787.046 0.118747
794.328 0.118748
801.678 0.118748
809.096 0.118749
816.582 0.11875
824.138 0.11875
831.764 0.118751
839.46 0.118752
847.227 0.118752
855.067 0.118753
862.979 0.118754
870.964 0.118754
879.023 0.118755
887.156 0.118755
895.365 0.118756
903.65 0.118757
912.011 0.118757
920.45 0.118758
928.966 0.118758
937.562 0.118759
946.237 0.11876
954.993 0.11876
963.829 0.118761
972.747 0.118761
981.748 0.118762
990.832 0.118762
1000 0.118763
