0.1 0.168866
0.100925 0.169038
0.101859 0.169208
0.102802 0.169377
0.103753 0.169544
0.104713 0.16971
0.105682 0.169875
0.10666 0.170037
0.107647 0.170199
0.108643 0.170358
0.109648 0.170517
0.110662 0.174055
0.111686 0.180174
0.11272 0.186238
0.113763 0.192245
0.114815 0.198198
0.115878 0.204096
0.11695 0.20994
0.118032 0.21573
0.119124 0.221467
0.120226 0.227152
0.121339 0.232785
0.122462 0.238366
0.123595 0.243895
0.124738 0.249374
0.125893 0.254803
0.127057 0.260182
0.128233 0.265512
0.12942 0.270793
0.130617 0.276025
0.131826 0.28121
0.133045 0.286347
0.134277 0.291436
0.135519 0.29648
0.136773 0.301476
0.138038 0.306428
0.139316 0.311333
0.140605 0.316194
0.141906 0.32101
0.143219 0.325782
0.144544 0.330511
0.145881 0.335196
0.147231 0.339838
0.148594 0.344437
0.149968 0.348994
0.151356 0.35351
0.152757 0.357984
0.15417 0.362417
0.155597 0.366809
0.157036 0.371161
0.158489 0.375474
0.159956 0.379746
0.161436 0.38398
0.16293 0.388175
0.164437 0.392331
0.165959 0.396449
0.167494 0.40053
0.169044 0.404573
0.170608 0.408579
0.172187 0.412548
0.17378 0.416481
0.175388 0.420377
0.177011 0.424238
0.178649 0.428064
0.180302 0.431855
0.18197 0.43561
0.183654 0.439332
0.185353 0.443019
0.187068 0.446672
0.188799 0.450292
0.190546 0.453879
0.192309 0.457433
0.194089 0.460954
0.195884 0.464443
0.197697 0.4679
0.199526 0.471326
0.201372 0.47472
0.203236 0.478083
0.205116 0.481415
0.207014 0.484716
0.20893 0.487987
0.210863 0.492243
0.212814 0.498319
0.214783 0.50434
0.21677 0.510305
0.218776 0.516216
0.2208 0.522072
0.222844 0.527875
0.224905 0.533624
0.226986 0.539321
0.229087 0.544966
0.231206 0.550559
0.233346 0.5561
0.235505 0.561591
0.237684 0.567031
0.239883 0.572422
0.242103 0.577763
0.244343 0.583055
0.246604 0.588299
0.248886 0.593494
0.251189 0.598642
0.253513 0.603743
0.255859 0.608797
0.258226 0.613805
0.260615 0.618766
0.263027 0.623683
0.265461 0.628554
0.267917 0.63338
0.270396 0.638162
0.272898 0.642901
0.275423 0.647596
0.277971 0.652248
0.280543 0.656857
0.283139 0.661424
0.285759 0.665949
0.288403 0.670433
0.291072 0.674875
0.293765 0.679277
0.296483 0.683639
0.299226 0.68796
0.301995 0.692242
0.30479 0.696485
0.30761 0.700688
0.310456 0.704865
0.313329 0.709162
0.316228 0.713419
0.319154 0.717638
0.322107 0.721818
0.325087 0.725959
0.328095 0.730063
0.331131 0.734129
0.334195 0.738158
0.337287 0.74215
0.340408 0.746105
0.343558 0.750024
0.346737 0.753907
0.349945 0.757754
0.353183 0.761566
0.356451 0.765344
0.359749 0.769086
0.363078 0.772794
0.366438 0.776469
0.369828 0.780109
0.37325 0.783716
0.376704 0.78729
0.380189 0.790832
0.383707 0.794341
0.387258 0.797817
0.390841 0.801262
0.394457 0.804676
0.398107 0.808057
0.401791 0.811408
0.405509 0.814729
0.409261 0.818018
0.413047 0.82163
0.416869 0.825353
0.420727 0.829042
0.42462 0.832697
0.428549 0.836318
0.432514 0.839906
0.436516 0.843462
0.440555 0.846984
0.444631 0.850475
0.448745 0.853933
0.452898 0.85736
0.457088 0.860755
0.461318 0.864119
0.465586 0.867452
0.469894 0.870755
0.474242 0.874028
0.47863 0.87727
0.483059 0.880483
0.487528 0.883666
0.49204 0.88682
0.496592 0.889945
0.501187 0.893042
0.505825 0.89611
0.510505 0.899147
0.515229 0.901856
0.519996 0.904541
0.524807 0.907201
0.529663 0.909837
0.534564 0.912448
0.539511 0.915036
0.544503 0.9176
0.549541 0.92014
0.554626 0.922657
0.559758 0.925151
0.564937 0.927623
0.570164 0.930071
0.57544 0.932497
0.580764 0.934901
0.586138 0.937283
0.591562 0.939643
0.597035 0.941981
0.60256 0.944298
0.608135 0.946593
0.613762 0.948306
0.619441 0.949584
0.625173 0.950849
0.630957 0.952103
0.636796 0.953346
0.642688 0.954577
0.648634 0.955797
0.654636 0.957006
0.660693 0.958204
0.666807 0.95939
0.672977 0.960566
0.679204 0.961731
0.685488 0.962885
0.691831 0.964029
0.698232 0.965162
0.704693 0.966285
0.711214 0.967325
0.717794 0.967607
0.724436 0.967887
0.731139 0.968164
0.737904 0.968439
0.744732 0.968711
0.751623 0.968981
0.758578 0.969249
0.765597 0.969513
0.772681 0.969776
0.77983 0.970036
0.787046 0.970294
0.794328 0.970549
0.801678 0.970802
0.809096 0.971053
0.816582 0.970842
0.824138 0.970507
0.831764 0.970175
0.83946 0.969846
0.847227 0.96952
0.855067 0.969197
0.862979 0.968877
0.870964 0.96856
0.879023 0.968246
0.887156 0.967934
0.895365 0.967626
0.903649 0.96732
0.912011 0.966979
0.92045 0.96641
0.928966 0.965846
0.937562 0.965287
0.946237 0.964734
0.954993 0.964185
0.963829 0.963642
0.972747 0.963103
0.981748 0.96257
0.990832 0.962041
1 0.961518
1.00925 0.960999
1.01859 0.960344
1.02802 0.959666
1.03753 0.958993
1.04713 0.958327
1.05682 0.957667
1.0666 0.957013
1.07647 0.956365
1.08643 0.955723
1.09648 0.955087
1.10662 0.954456
1.11686 0.95367
1.1272 0.952772
1.13763 0.951882
1.14815 0.951
1.15878 0.950126
1.1695 0.94926
1.18032 0.948402
1.19124 0.947552
1.20226 0.94671
1.21339 0.945801
1.22462 0.944617
1.23595 0.943444
1.24738 0.942282
1.25893 0.941131
1.27057 0.939989
1.28233 0.938859
1.2942 0.937739
1.30617 0.936629
1.31826 0.935351
1.33045 0.933959
1.34276 0.932579
1.35519 0.931213
1.36773 0.929859
1.38038 0.928517
1.39316 0.927188
1.40605 0.925871
1.41906 0.924426
1.43219 0.922901
1.44544 0.92139
1.45881 0.919892
1.47231 0.918409
1.48594 0.916939
1.49968 0.915482
1.51356 0.914013
1.52757 0.91242
1.5417 0.910842
1.55597 0.909278
1.57036 0.907728
1.58489 0.906193
1.59956 0.904671
1.61436 0.903142
1.6293 0.90154
1.64437 0.899953
1.65959 0.89838
1.67494 0.896821
1.69044 0.895277
1.70608 0.893747
1.72187 0.892176
1.7378 0.89059
1.75388 0.889018
1.77011 0.887461
1.78649 0.885918
1.80302 0.884389
1.8197 0.882841
1.83654 0.881272
1.85353 0.879717
1.87068 0.878176
1.88799 0.87665
1.90546 0.875137
1.92309 0.873605
1.94089 0.872069
1.95884 0.870546
1.97697 0.869038
1.99526 0.867543
2.01372 0.866057
2.03236 0.864536
2.05116 0.863029
2.07014 0.861536
2.0893 0.860057
2.10863 0.858591
2.12814 0.857092
2.14783 0.855596
2.1677 0.854115
2.18776 0.852646
2.208 0.851192
2.22844 0.849708
2.24905 0.848227
2.26986 0.84676
2.29087 0.845306
2.31206 0.843865
2.33346 0.842521
2.35505 0.841189
2.37684 0.83987
2.39883 0.838562
2.42103 0.837247
2.44343 0.835916
2.46604 0.834598
2.48886 0.833291
2.51189 0.831996
2.53513 0.830671
2.55859 0.829358
2.58226 0.828057
2.60615 0.826767
2.63027 0.825462
2.65461 0.824158
2.67917 0.822867
2.70396 0.821587
2.72898 0.820348
2.75423 0.819135
2.77971 0.817932
2.80543 0.816741
2.83139 0.815543
2.85759 0.814348
2.88403 0.813165
2.91072 0.811992
2.93765 0.810784
2.96483 0.809583
2.99226 0.808393
3.01995 0.807202
3.04789 0.805989
3.0761 0.804786
3.10456 0.803595
3.13329 0.802391
3.16228 0.80119
3.19154 0.8
3.22107 0.798812
3.25087 0.797614
3.28095 0.796426
3.31131 0.79525
3.34195 0.794073
3.37287 0.792907
3.40408 0.791751
3.43558 0.790615
3.46737 0.789492
3.49945 0.788379
3.53183 0.787296
3.56451 0.786238
3.59749 0.78519
3.63078 0.784181
3.66438 0.78321
3.69828 0.782247
3.7325 0.781343
3.76704 0.780487
3.80189 0.779639
3.83707 0.778867
3.87258 0.778135
3.90841 0.777411
3.94457 0.776772
3.98107 0.776152
4.01791 0.775546
4.05509 0.775008
4.09261 0.774475
4.13047 0.773967
4.16869 0.773491
4.20727 0.77302
4.2462 0.772573
4.28549 0.772134
4.32514 0.771706
4.36516 0.771296
4.40555 0.77089
4.44631 0.77048
4.48745 0.770071
4.52898 0.769654
4.57088 0.769218
4.61318 0.768786
4.65586 0.768302
4.69894 0.767821
4.74242 0.767293
4.7863 0.766742
4.83059 0.766158
4.87529 0.765517
4.9204 0.764868
4.96592 0.764138
5.01187 0.763415
5.05825 0.762617
5.10505 0.761822
5.15229 0.760977
5.19996 0.760125
5.24807 0.759241
5.29663 0.758347
5.34564 0.757434
5.39511 0.756514
5.44503 0.755584
5.49541 0.754651
5.54626 0.753716
5.59758 0.752785
5.64937 0.751861
5.70164 0.750945
5.7544 0.750047
5.80764 0.74916
5.86138 0.748304
5.91562 0.74746
5.97035 0.746664
6.0256 0.745886
6.08135 0.745159
6.13762 0.744464
6.19441 0.743814
6.25173 0.743209
6.30957 0.742632
6.36796 0.74211
6.42688 0.741608
6.48634 0.74115
6.54636 0.740718
6.60693 0.740312
6.66807 0.739942
6.72977 0.739587
6.79204 0.73926
6.85488 0.738952
6.91831 0.738658
6.98232 0.738385
7.04693 0.738122
7.11214 0.737868
7.17794 0.737625
7.24436 0.737385
7.31139 0.73715
7.37904 0.736913
7.44732 0.736674
7.51623 0.736433
7.58578 0.736178
7.65597 0.735915
7.72681 0.735641
7.7983 0.735349
7.87046 0.735043
7.94328 0.734726
8.01678 0.734398
8.09096 0.734055
8.16582 0.733705
8.24138 0.733348
8.31764 0.732984
8.3946 0.732612
8.47227 0.732236
8.55067 0.731858
8.62979 0.731479
8.70964 0.731098
8.79023 0.730719
8.87156 0.730342
8.95365 0.729969
9.03649 0.729602
9.12011 0.72924
9.2045 0.728889
9.28966 0.728548
9.37562 0.728218
9.46237 0.727902
9.54993 0.727602
9.63829 0.727318
9.72747 0.727053
9.81748 0.726809
9.90832 0.726585
10 0.72638
10.0925 0.726191
10.1859 0.726019
10.2802 0.725862
10.3753 0.725718
10.4713 0.725588
10.5682 0.725469
10.666 0.72536
10.7647 0.725261
10.8643 0.725169
10.9648 0.725083
11.0662 0.725002
11.1686 0.724924
11.272 0.724848
11.3763 0.724773
11.4815 0.724696
11.5878 0.724617
11.695 0.724534
11.8032 0.724444
11.9124 0.724348
12.0226 0.724242
12.1339 0.724125
12.2462 0.723995
12.3595 0.723852
12.4738 0.723695
12.5893 0.723526
12.7057 0.723346
12.8233 0.723154
12.942 0.722951
13.0617 0.722739
13.1826 0.722519
13.3045 0.722291
13.4277 0.722056
13.5519 0.721815
13.6773 0.72157
13.8038 0.72132
13.9316 0.721068
14.0605 0.720813
14.1906 0.720557
14.3219 0.720301
14.4544 0.720046
14.5881 0.719792
14.7231 0.71954
14.8594 0.719292
14.9968 0.719048
15.1356 0.71881
15.2757 0.718578
15.417 0.718353
15.5597 0.718136
15.7036 0.717927
15.8489 0.717727
15.9956 0.717534
16.1436 0.717348
16.293 0.717168
16.4437 0.716995
16.5959 0.716829
16.7494 0.716668
16.9044 0.716514
17.0608 0.716365
17.2187 0.716222
17.378 0.716085
17.5388 0.715953
17.7011 0.715827
17.8649 0.715706
18.0302 0.715589
18.197 0.715478
18.3654 0.715372
18.5353 0.715269
18.7068 0.715172
18.8799 0.715079
19.0546 0.714989
19.2309 0.714904
19.4089 0.714821
19.5884 0.714742
19.7697 0.714664
19.9526 0.714589
20.1372 0.714516
20.3236 0.714445
20.5116 0.714375
20.7014 0.714306
20.893 0.714237
21.0863 0.714169
21.2814 0.714102
21.4783 0.714034
21.677 0.713965
21.8776 0.713896
22.08 0.713825
22.2844 0.713754
22.4905 0.71368
22.6986 0.713605
22.9087 0.713528
23.1206 0.713448
23.3346 0.713366
23.5505 0.71328
23.7684 0.713192
23.9883 0.7131
24.2103 0.713004
24.4343 0.712904
24.6604 0.7128
24.8886 0.712691
25.1189 0.712578
25.3513 0.712461
25.5859 0.712341
25.8226 0.712217
26.0615 0.71209
26.3027 0.71196
26.5461 0.711829
26.7917 0.711696
27.0396 0.711562
27.2898 0.711427
27.5423 0.711292
27.7971 0.711157
28.0543 0.711023
28.3139 0.71089
28.5759 0.710758
28.8403 0.710629
29.1072 0.710503
29.3765 0.71038
29.6483 0.710261
29.9226 0.710146
30.1995 0.710034
30.4789 0.709927
30.761 0.709824
31.0456 0.709726
31.3329 0.709632
31.6228 0.709542
31.9154 0.709456
32.2107 0.709373
32.5087 0.709292
32.8095 0.709213
33.1131 0.709136
33.4195 0.70906
33.7287 0.708984
34.0408 0.708909
34.3558 0.708833
34.6737 0.708756
34.9945 0.708679
35.3183 0.708602
35.6451 0.708523
35.9749 0.708444
36.3078 0.708364
36.6438 0.708283
36.9828 0.708201
37.325 0.708118
37.6704 0.708033
38.0189 0.707947
38.3707 0.70786
38.7258 0.707771
39.0841 0.707681
39.4457 0.707589
39.8107 0.707496
40.1791 0.707401
40.5509 0.707305
40.9261 0.707208
41.3048 0.70711
41.6869 0.707011
42.0727 0.706911
42.462 0.70681
42.8548 0.706707
43.2514 0.706604
43.6516 0.7065
44.0555 0.706395
44.4631 0.706289
44.8745 0.706183
45.2898 0.706075
45.7088 0.705967
46.1318 0.705859
46.5586 0.705751
46.9894 0.705643
47.4242 0.705536
47.863 0.705431
48.3059 0.705328
48.7528 0.705227
49.204 0.70513
49.6592 0.705035
50.1187 0.704945
50.5825 0.704858
51.0505 0.704774
51.5229 0.704694
51.9996 0.704616
52.4807 0.704542
52.9663 0.70447
53.4564 0.704401
53.9511 0.704334
54.4503 0.704269
54.9541 0.704205
55.4626 0.704142
55.9758 0.704079
56.4937 0.704016
57.0164 0.703952
57.544 0.703887
58.0764 0.70382
58.6138 0.703751
59.1562 0.703679
59.7035 0.703603
60.256 0.703524
60.8135 0.703439
61.3762 0.70335
61.9441 0.703255
62.5173 0.703154
63.0957 0.703047
63.6796 0.702934
64.2688 0.702817
64.8634 0.702696
65.4636 0.702572
66.0694 0.702445
66.6807 0.702316
67.2977 0.702185
67.9204 0.702053
68.5488 0.701921
69.1831 0.70179
69.8232 0.70166
70.4693 0.701532
71.1214 0.701407
71.7794 0.701286
72.4436 0.701169
73.1139 0.701057
73.7904 0.700952
74.4732 0.700855
75.1623 0.700766
75.8578 0.700687
76.5597 0.700619
77.2681 0.700563
77.983 0.70052
78.7046 0.70049
79.4328 0.700475
80.1678 0.700473
80.9096 0.700484
81.6582 0.700507
82.4138 0.700541
83.1764 0.700584
83.946 0.700637
84.7227 0.700697
85.5067 0.700764
86.2979 0.700836
87.0964 0.700911
87.9023 0.70099
88.7156 0.701069
89.5365 0.701148
90.3649 0.701225
91.2011 0.701299
92.045 0.701369
92.8967 0.701432
93.7562 0.701489
94.6237 0.701536
95.4993 0.701572
96.3829 0.701597
97.2747 0.701608
98.1748 0.701605
99.0832 0.701588
100 0.701555
100.925 0.701516
101.859 0.701477
102.802 0.701439
103.753 0.701401
104.713 0.701364
105.682 0.701326
106.66 0.701289
107.647 0.701253
108.643 0.701217
109.648 0.701181
110.662 0.701145
111.686 0.70111
112.72 0.701075
113.763 0.70104
114.815 0.701006
115.878 0.700972
116.95 0.700938
118.032 0.700905
119.124 0.700872
120.226 0.700839
121.339 0.700807
122.462 0.700774
123.595 0.700743
124.738 0.700711
125.893 0.70068
127.057 0.700649
128.233 0.700618
129.42 0.700588
130.617 0.700558
131.826 0.700528
133.045 0.700498
134.277 0.700469
135.519 0.70044
136.773 0.700411
138.038 0.700382
139.316 0.700354
140.605 0.700326
141.906 0.700298
143.219 0.700271
144.544 0.700244
145.881 0.700217
147.231 0.70019
148.594 0.700163
149.969 0.700137
151.356 0.700111
152.757 0.700085
154.17 0.70006
155.597 0.700034
157.036 0.700009
158.489 0.699985
159.956 0.69996
161.436 0.699936
162.93 0.699911
164.437 0.699887
165.959 0.699864
167.494 0.69984
169.044 0.699817
170.608 0.699794
172.187 0.699771
173.78 0.699748
175.388 0.699726
177.011 0.699704
178.649 0.699682
180.302 0.69966
181.97 0.699638
183.654 0.699617
185.353 0.699595
187.068 0.699574
188.799 0.699553
190.546 0.699533
192.309 0.699512
194.089 0.699492
195.884 0.699472
197.697 0.699452
199.526 0.699432
201.372 0.699413
203.236 0.699393
205.116 0.699374
207.014 0.699355
208.93 0.699336
210.863 0.699318
212.814 0.699299
214.783 0.699281
216.77 0.699263
218.776 0.699245
220.801 0.699227
222.844 0.699209
224.905 0.699192
226.986 0.699174
229.087 0.699157
231.207 0.69914
233.346 0.699123
235.505 0.699106
237.684 0.69909
239.883 0.699073
242.103 0.699057
244.343 0.699041
246.604 0.699025
248.886 0.699009
251.189 0.698994
253.513 0.698978
255.859 0.698963
258.226 0.698947
260.615 0.698932
263.027 0.698917
265.461 0.698903
267.917 0.698888
270.396 0.698873
272.898 0.698859
275.423 0.698845
277.971 0.69883
280.543 0.698816
283.139 0.698802
285.759 0.698789
288.403 0.698775
291.072 0.698761
293.765 0.698748
296.483 0.698735
299.227 0.698722
301.995 0.698709
304.789 0.698696
307.61 0.698683
310.456 0.69867
313.329 0.698658
316.228 0.698645
319.154 0.698633
322.107 0.698621
325.087 0.698608
328.095 0.698596
331.131 0.698585
334.195 0.698573
337.287 0.698561
340.408 0.69855
343.558 0.698538
346.737 0.698527
349.945 0.698516
353.183 0.698504
356.451 0.698493
359.749 0.698482
363.078 0.698472
366.437 0.698461
369.828 0.69845
373.25 0.69844
376.704 0.698429
380.189 0.698419
383.707 0.698409
387.258 0.698398
390.841 0.698388
394.457 0.698378
398.107 0.698368
401.791 0.698359
405.509 0.698349
409.261 0.698339
413.047 0.69833
416.869 0.69832
420.727 0.698311
424.62 0.698302
428.548 0.698292
432.514 0.698283
436.516 0.698274
440.555 0.698265
444.631 0.698257
448.745 0.698248
452.897 0.698239
457.088 0.69823
461.318 0.698222
465.586 0.698213
469.894 0.698205
474.242 0.698197
478.63 0.698189
483.059 0.69818
487.528 0.698172
492.039 0.698164
496.592 0.698156
501.187 0.698149
505.825 0.698141
510.505 0.698133
515.229 0.698125
519.996 0.698118
524.807 0.69811
529.663 0.698103
534.564 0.698096
539.511 0.698088
544.503 0.698081
549.541 0.698074
554.626 0.698067
559.757 0.69806
564.937 0.698053
570.164 0.698046
575.44 0.698039
580.764 0.698032
586.138 0.698025
591.562 0.698019
597.035 0.698012
602.56 0.698006
608.135 0.697999
613.762 0.697993
619.441 0.697986
625.173 0.69798
630.957 0.697974
636.795 0.697968
642.688 0.697962
648.634 0.697956
654.636 0.69795
660.693 0.697944
666.807 0.697938
672.977 0.697932
679.204 0.697926
685.488 0.69792
691.831 0.697915
698.233 0.697909
704.693 0.697903
711.214 0.697898
717.794 0.697892
724.436 0.697887
731.139 0.697881
737.904 0.697876
744.732 0.697871
751.623 0.697866
758.578 0.69786
765.597 0.697855
772.681 0.69785
779.83 0.697845
787.046 0.69784
794.328 0.697835
801.678 0.69783
809.096 0.697825
816.582 0.697821
824.138 0.697816
831.764 0.697811
839.46 0.697806
847.227 0.697802
855.067 0.697797
862.979 0.697793
870.964 0.697788
879.023 0.697784
887.156 0.697779
895.365 0.697775
903.65 0.69777
912.011 0.697766
920.45 0.697762
928.966 0.697758
937.562 0.697753
946.237 0.697749
954.993 0.697745
963.829 0.697741
972.747 0.697737
981.748 0.697733
990.832 0.697729
1000 0.697725
