0.1 0.0457273
0.100925 0.0457739
0.101859 0.0458201
0.102802 0.0458658
0.103753 0.0459111
0.104713 0.045956
0.105682 0.0460005
0.10666 0.0460446
0.107647 0.0460882
0.108643 0.0461315
0.109648 0.0461744
0.110662 0.0467525
0.111686 0.0477393
0.11272 0.0487171
0.113763 0.0496859
0.114815 0.0506458
0.115878 0.0515969
0.11695 0.0525393
0.118032 0.0534731
0.119124 0.0543982
0.120226 0.055315
0.121339 0.0562233
0.122462 0.0571232
0.123595 0.058015
0.124738 0.0588985
0.125893 0.059774
0.127057 0.0606414
0.128233 0.0615009
0.12942 0.0623524
0.130617 0.0631962
0.131826 0.0640323
0.133045 0.0648607
0.134277 0.0656815
0.135519 0.0664947
0.136773 0.0673005
0.138038 0.0680989
0.139316 0.06889
0.140605 0.0696739
0.141906 0.0704505
0.143219 0.0712201
0.144544 0.0719826
0.145881 0.0727381
0.147231 0.0734866
0.148594 0.0742283
0.149968 0.0749632
0.151356 0.0756914
0.152757 0.0764129
0.15417 0.0771278
0.155597 0.0778361
0.157036 0.0785379
0.158489 0.0792333
0.159956 0.0799223
0.161436 0.080605
0.16293 0.0812815
0.164437 0.0819517
0.165959 0.0826158
0.167494 0.0832738
0.169044 0.0839258
0.170608 0.0845718
0.172187 0.0852119
0.17378 0.0858461
0.175388 0.0864745
0.177011 0.0870971
0.178649 0.087714
0.180302 0.0883253
0.18197 0.088931
0.183654 0.0895311
0.185353 0.0901257
0.187068 0.0907148
0.188799 0.0912986
0.190546 0.091877
0.192309 0.0924501
0.194089 0.0930179
0.195884 0.0935806
0.197697 0.0941381
0.199526 0.0946904
0.201372 0.0952378
0.203236 0.09578
0.205116 0.0963174
0.207014 0.0968497
0.20893 0.0973773
0.210863 0.0979103
0.212814 0.0984573
0.214783 0.0989993
0.21677 0.0995364
0.218776 0.100068
0.2208 0.100596
0.222844 0.101118
0.224905 0.101636
0.226986 0.102149
0.229087 0.102657
0.231206 0.10316
0.233346 0.103659
0.235505 0.104154
0.237684 0.104643
0.239883 0.105129
0.242103 0.10561
0.244343 0.106086
0.246604 0.106558
0.248886 0.107026
0.251189 0.107489
0.253513 0.107948
0.255859 0.108403
0.258226 0.108854
0.260615 0.109301
0.263027 0.109744
0.265461 0.110182
0.267917 0.110617
0.270396 0.111047
0.272898 0.111474
0.275423 0.111896
0.277971 0.112315
0.280543 0.11273
0.283139 0.113141
0.285759 0.113549
0.288403 0.113952
0.291072 0.114352
0.293765 0.114749
0.296483 0.115141
0.299226 0.11553
0.301995 0.115916
0.30479 0.116298
0.30761 0.116676
0.310456 0.11705
0.313329 0.1174
0.316228 0.117747
0.319154 0.118091
0.322107 0.118431
0.325087 0.118769
0.328095 0.119103
0.331131 0.119435
0.334195 0.119763
0.337287 0.120088
0.340408 0.12041
0.343558 0.12073
0.346737 0.121046
0.349945 0.12136
0.353183 0.12167
0.356451 0.121978
0.359749 0.122283
0.363078 0.122585
0.366438 0.122885
0.369828 0.123181
0.37325 0.123475
0.376704 0.123766
0.380189 0.124055
0.383707 0.124341
0.387258 0.124624
0.390841 0.124905
0.394457 0.125183
0.398107 0.125459
0.401791 0.125732
0.405509 0.126002
0.409261 0.12627
0.413047 0.126567
0.416869 0.126875
0.420727 0.12718
0.42462 0.127481
0.428549 0.127781
0.432514 0.128077
0.436516 0.128371
0.440555 0.128661
0.444631 0.12895
0.448745 0.129235
0.452898 0.129518
0.457088 0.129799
0.461318 0.130077
0.465586 0.130352
0.469894 0.130625
0.474242 0.130895
0.47863 0.131163
0.483059 0.131428
0.487528 0.131691
0.49204 0.131952
0.496592 0.13221
0.501187 0.132465
0.505825 0.132719
0.510505 0.13297
0.515229 0.13323
0.519996 0.133488
0.524807 0.133744
0.529663 0.133997
0.534564 0.134248
0.539511 0.134496
0.544503 0.134742
0.549541 0.134986
0.554626 0.135228
0.559758 0.135468
0.564937 0.135705
0.570164 0.13594
0.57544 0.136173
0.580764 0.136404
0.586138 0.136633
0.591562 0.136859
0.597035 0.137084
0.60256 0.137307
0.608135 0.137527
0.613762 0.137743
0.619441 0.137955
0.625173 0.138165
0.630957 0.138374
0.636796 0.13858
0.642688 0.138785
0.648634 0.138987
0.654636 0.139188
0.660693 0.139387
0.666807 0.139584
0.672977 0.139779
0.679204 0.139973
0.685488 0.140164
0.691831 0.140354
0.698232 0.140543
0.704693 0.140729
0.711214 0.140912
0.717794 0.141079
0.724436 0.141245
0.731139 0.141408
0.737904 0.141571
0.744732 0.141731
0.751623 0.141891
0.758578 0.142049
0.765597 0.142205
0.772681 0.14236
0.77983 0.142514
0.787046 0.142666
0.794328 0.142817
0.801678 0.142966
0.809096 0.143114
0.816582 0.143258
0.824138 0.1434
0.831764 0.143541
0.83946 0.143681
0.847227 0.143819
0.855067 0.143956
0.862979 0.144092
0.870964 0.144227
0.879023 0.14436
0.887156 0.144492
0.895365 0.144623
0.903649 0.144753
0.912011 0.144884
0.92045 0.145028
0.928966 0.145171
0.937562 0.145312
0.946237 0.145453
0.954993 0.145592
0.963829 0.14573
0.972747 0.145866
0.981748 0.146001
0.990832 0.146135
1 0.146268
1.00925 0.1464
1.01859 0.146546
1.02802 0.146694
1.03753 0.14684
1.04713 0.146985
1.05682 0.147129
1.0666 0.147272
1.07647 0.147413
1.08643 0.147553
1.09648 0.147692
1.10662 0.147829
1.11686 0.147968
1.1272 0.148108
1.13763 0.148246
1.14815 0.148384
1.15878 0.14852
1.1695 0.148654
1.18032 0.148788
1.19124 0.14892
1.20226 0.149051
1.21339 0.14918
1.22462 0.149301
1.23595 0.149422
1.24738 0.149541
1.25893 0.149659
1.27057 0.149776
1.28233 0.149892
1.2942 0.150007
1.30617 0.150121
1.31826 0.150225
1.33045 0.150322
1.34276 0.150418
1.35519 0.150513
1.36773 0.150607
1.38038 0.1507
1.39316 0.150792
1.40605 0.150884
1.41906 0.150959
1.43219 0.151024
1.44544 0.151089
1.45881 0.151152
1.47231 0.151216
1.48594 0.151278
1.49968 0.15134
1.51356 0.151396
1.52757 0.151424
1.5417 0.151451
1.55597 0.151478
1.57036 0.151505
1.58489 0.151531
1.59956 0.151557
1.61436 0.151576
1.6293 0.151566
1.64437 0.151556
1.65959 0.151547
1.67494 0.151537
1.69044 0.151527
1.70608 0.151518
1.72187 0.151487
1.7378 0.151445
1.75388 0.151404
1.77011 0.151363
1.78649 0.151322
1.80302 0.151281
1.8197 0.151227
1.83654 0.151159
1.85353 0.151091
1.87068 0.151024
1.88799 0.150958
1.90546 0.150892
1.92309 0.150811
1.94089 0.150721
1.95884 0.150633
1.97697 0.150545
1.99526 0.150459
2.01372 0.15037
2.03236 0.150265
2.05116 0.150161
2.07014 0.150058
2.0893 0.149955
2.10863 0.149854
2.12814 0.14974
2.14783 0.149625
2.1677 0.149511
2.18776 0.149397
2.208 0.149285
2.22844 0.149163
2.24905 0.149038
2.26986 0.148915
2.29087 0.148793
2.31206 0.148673
2.33346 0.148539
2.35505 0.148407
2.37684 0.148277
2.39883 0.148147
2.42103 0.148013
2.44343 0.147873
2.46604 0.147734
2.48886 0.147597
2.51189 0.14746
2.53513 0.147312
2.55859 0.147164
2.58226 0.147018
2.60615 0.146874
2.63027 0.14672
2.65461 0.146563
2.67917 0.146408
2.70396 0.146255
2.72898 0.146092
2.75423 0.145926
2.77971 0.145762
2.80543 0.145599
2.83139 0.145426
2.85759 0.14525
2.88403 0.145076
2.91072 0.144904
2.93765 0.144718
2.96483 0.144533
2.99226 0.14435
3.01995 0.144164
3.04789 0.143968
3.0761 0.143774
3.10456 0.143582
3.13329 0.143382
3.16228 0.14318
3.19154 0.14298
3.22107 0.142779
3.25087 0.142573
3.28095 0.142369
3.31131 0.142167
3.34195 0.141961
3.37287 0.141756
3.40408 0.141553
3.43558 0.141351
3.46737 0.14115
3.49945 0.140951
3.53183 0.140755
3.56451 0.140561
3.59749 0.140369
3.63078 0.140181
3.66438 0.139998
3.69828 0.139817
3.7325 0.139642
3.76704 0.139472
3.80189 0.139304
3.83707 0.139146
3.87258 0.138993
3.90841 0.138841
3.94457 0.1387
3.98107 0.138562
4.01791 0.138426
4.05509 0.138299
4.09261 0.138173
4.13047 0.13805
4.16869 0.137932
4.20727 0.137815
4.2462 0.137701
4.28549 0.137589
4.32514 0.137478
4.36516 0.137368
4.40555 0.137259
4.44631 0.137149
4.48745 0.13704
4.52898 0.136929
4.57088 0.136816
4.61318 0.136705
4.65586 0.136586
4.69894 0.136468
4.74242 0.136345
4.7863 0.136219
4.83059 0.136089
4.87529 0.135952
4.9204 0.135814
4.96592 0.135667
5.01187 0.13552
5.05825 0.135365
5.10505 0.135209
5.15229 0.135048
5.19996 0.134885
5.24807 0.134718
5.29663 0.13455
5.34564 0.134378
5.39511 0.134206
5.44503 0.134031
5.49541 0.133855
5.54626 0.133679
5.59758 0.133502
5.64937 0.133324
5.70164 0.133147
5.7544 0.132971
5.80764 0.132795
5.86138 0.132621
5.91562 0.132448
5.97035 0.132278
6.0256 0.13211
6.08135 0.131945
6.13762 0.131784
6.19441 0.131625
6.25173 0.13147
6.30957 0.131317
6.36796 0.131169
6.42688 0.131022
6.48634 0.130878
6.54636 0.130737
6.60693 0.130598
6.66807 0.130461
6.72977 0.130327
6.79204 0.130194
6.85488 0.130064
6.91831 0.129935
6.98232 0.129808
7.04693 0.129682
7.11214 0.129557
7.17794 0.129433
7.24436 0.129311
7.31139 0.129189
7.37904 0.129067
7.44732 0.128947
7.51623 0.128826
7.58578 0.128706
7.65597 0.128585
7.72681 0.128465
7.7983 0.128344
7.87046 0.128223
7.94328 0.128102
8.01678 0.127982
8.09096 0.127862
8.16582 0.127743
8.24138 0.127624
8.31764 0.127506
8.3946 0.127389
8.47227 0.127273
8.55067 0.127158
8.62979 0.127045
8.70964 0.126933
8.79023 0.126822
8.87156 0.126714
8.95365 0.126607
9.03649 0.126502
9.12011 0.1264
9.2045 0.1263
9.28966 0.126202
9.37562 0.126107
9.46237 0.126015
9.54993 0.125926
9.63829 0.12584
9.72747 0.125758
9.81748 0.125678
9.90832 0.125602
10 0.125529
10.0925 0.125459
10.1859 0.125392
10.2802 0.125326
10.3753 0.125263
10.4713 0.125202
10.5682 0.125143
10.666 0.125085
10.7647 0.125028
10.8643 0.124973
10.9648 0.124918
11.0662 0.124864
11.1686 0.12481
11.272 0.124756
11.3763 0.124703
11.4815 0.124648
11.5878 0.124594
11.695 0.124538
11.8032 0.124481
11.9124 0.124423
12.0226 0.124364
12.1339 0.124302
12.2462 0.124238
12.3595 0.124172
12.4738 0.124103
12.5893 0.124032
12.7057 0.123959
12.8233 0.123884
12.942 0.123807
13.0617 0.123729
13.1826 0.123649
13.3045 0.123567
13.4277 0.123485
13.5519 0.123401
13.6773 0.123316
13.8038 0.123231
13.9316 0.123145
14.0605 0.123058
14.1906 0.122971
14.3219 0.122884
14.4544 0.122797
14.5881 0.12271
14.7231 0.122623
14.8594 0.122537
14.9968 0.122452
15.1356 0.122367
15.2757 0.122283
15.417 0.122201
15.5597 0.12212
15.7036 0.12204
15.8489 0.121962
15.9956 0.121885
16.1436 0.12181
16.293 0.121736
16.4437 0.121663
16.5959 0.121592
16.7494 0.121522
16.9044 0.121454
17.0608 0.121387
17.2187 0.121321
17.378 0.121257
17.5388 0.121194
17.7011 0.121133
17.8649 0.121073
18.0302 0.121014
18.197 0.120957
18.3654 0.120901
18.5353 0.120847
18.7068 0.120794
18.8799 0.120742
19.0546 0.120692
19.2309 0.120643
19.4089 0.120595
19.5884 0.120549
19.7697 0.120504
19.9526 0.120461
20.1372 0.120418
20.3236 0.120377
20.5116 0.120337
20.7014 0.120298
20.893 0.12026
21.0863 0.120223
21.2814 0.120186
21.4783 0.120151
21.677 0.120116
21.8776 0.120081
22.08 0.120047
22.2844 0.120014
22.4905 0.119981
22.6986 0.119948
22.9087 0.119915
23.1206 0.119882
23.3346 0.11985
23.5505 0.119817
23.7684 0.119784
23.9883 0.119751
24.2103 0.119718
24.4343 0.119684
24.6604 0.119649
24.8886 0.119614
25.1189 0.119579
25.3513 0.119543
25.5859 0.119507
25.8226 0.119471
26.0615 0.119434
26.3027 0.119398
26.5461 0.119361
26.7917 0.119325
27.0396 0.119289
27.2898 0.119253
27.5423 0.119218
27.7971 0.119184
28.0543 0.11915
28.3139 0.119117
28.5759 0.119085
28.8403 0.119054
29.1072 0.119024
29.3765 0.118995
29.6483 0.118968
29.9226 0.118942
30.1995 0.118918
30.4789 0.118896
30.761 0.118875
31.0456 0.118856
31.3329 0.11884
31.6228 0.118825
31.9154 0.118813
32.2107 0.118802
32.5087 0.118792
32.8095 0.118784
33.1131 0.118777
33.4195 0.118771
33.7287 0.118767
34.0408 0.118763
34.3558 0.11876
34.6737 0.118757
34.9945 0.118755
35.3183 0.118752
35.6451 0.11875
35.9749 0.118748
36.3078 0.118746
36.6438 0.118743
36.9828 0.11874
37.325 0.118736
37.6704 0.11873
38.0189 0.118724
38.3707 0.118717
38.7258 0.118708
39.0841 0.118697
39.4457 0.118684
39.8107 0.11867
40.1791 0.118654
40.5509 0.118637
40.9261 0.118618
41.3048 0.118598
41.6869 0.118577
42.0727 0.118555
42.462 0.118532
42.8548 0.118509
43.2514 0.118484
43.6516 0.11846
44.0555 0.118435
44.4631 0.11841
44.8745 0.118385
45.2898 0.11836
45.7088 0.118335
46.1318 0.118311
46.5586 0.118287
46.9894 0.118264
47.4242 0.118242
47.863 0.118221
48.3059 0.118202
48.7528 0.118183
49.204 0.118167
49.6592 0.118152
50.1187 0.118138
50.5825 0.118126
51.0505 0.118116
51.5229 0.118107
51.9996 0.118099
52.4807 0.118093
52.9663 0.118087
53.4564 0.118083
53.9511 0.118079
54.4503 0.118076
54.9541 0.118073
55.4626 0.118071
55.9758 0.11807
56.4937 0.118069
57.0164 0.118067
57.544 0.118066
58.0764 0.118065
58.6138 0.118063
59.1562 0.118061
59.7035 0.118059
60.256 0.118056
60.8135 0.118052
61.3762 0.118047
61.9441 0.118042
62.5173 0.118034
63.0957 0.118026
63.6796 0.118017
64.2688 0.118007
64.8634 0.117996
65.4636 0.117985
66.0694 0.117973
66.6807 0.11796
67.2977 0.117947
67.9204 0.117934
68.5488 0.117921
69.1831 0.117908
69.8232 0.117895
70.4693 0.117883
71.1214 0.117871
71.7794 0.11786
72.4436 0.117849
73.1139 0.117839
73.7904 0.117831
74.4732 0.117823
75.1623 0.117817
75.8578 0.117812
76.5597 0.117809
77.2681 0.117808
77.983 0.117809
78.7046 0.117812
79.4328 0.117817
80.1678 0.117824
80.9096 0.117832
81.6582 0.117843
82.4138 0.117855
83.1764 0.117868
83.946 0.117883
84.7227 0.117899
85.5067 0.117915
86.2979 0.117933
87.0964 0.117951
87.9023 0.117969
88.7156 0.117988
89.5365 0.118007
90.3649 0.118026
91.2011 0.118045
92.045 0.118063
92.8967 0.118081
93.7562 0.118097
94.6237 0.118113
95.4993 0.118128
96.3829 0.118142
97.2747 0.118153
98.1748 0.118164
99.0832 0.118172
100 0.118178
100.925 0.118183
101.859 0.118189
102.802 0.118194
103.753 0.118199
104.713 0.118204
105.682 0.118209
106.66 0.118215
107.647 0.11822
108.643 0.118225
109.648 0.118229
110.662 0.118234
111.686 0.118239
112.72 0.118244
113.763 0.118249
114.815 0.118253
115.878 0.118258
116.95 0.118263
118.032 0.118267
119.124 0.118272
120.226 0.118276
121.339 0.118281
122.462 0.118285
123.595 0.11829
124.738 0.118294
125.893 0.118298
127.057 0.118302
128.233 0.118307
129.42 0.118311
130.617 0.118315
131.826 0.118319
133.045 0.118323
134.277 0.118327
135.519 0.118331
136.773 0.118335
138.038 0.118339
139.316 0.118343
140.605 0.118347
141.906 0.11835
143.219 0.118354
144.544 0.118358
145.881 0.118362
147.231 0.118365
148.594 0.118369
149.969 0.118373
151.356 0.118376
152.757 0.11838
154.17 0.118383
155.597 0.118387
157.036 0.11839
158.489 0.118394
159.956 0.118397
161.436 0.1184
162.93 0.118404
164.437 0.118407
165.959 0.11841
167.494 0.118413
169.044 0.118417
170.608 0.11842
172.187 0.118423
173.78 0.118426
175.388 0.118429
177.011 0.118432
178.649 0.118435
180.302 0.118438
181.97 0.118441
183.654 0.118444
185.353 0.118447
187.068 0.11845
188.799 0.118453
190.546 0.118456
192.309 0.118458
194.089 0.118461
195.884 0.118464
197.697 0.118467
199.526 0.118469
201.372 0.118472
203.236 0.118475
205.116 0.118477
207.014 0.11848
208.93 0.118482
210.863 0.118485
212.814 0.118488
214.783 0.11849
216.77 0.118493
218.776 0.118495
220.801 0.118497
222.844 0.1185
224.905 0.118502
226.986 0.118505
229.087 0.118507
231.207 0.118509
233.346 0.118512
235.505 0.118514
237.684 0.118516
239.883 0.118519
242.103 0.118521
244.343 0.118523
246.604 0.118525
248.886 0.118527
251.189 0.118529
253.513 0.118532
255.859 0.118534
258.226 0.118536
260.615 0.118538
263.027 0.11854
265.461 0.118542
267.917 0.118544
270.396 0.118546
272.898 0.118548
275.423 0.11855
277.971 0.118552
280.543 0.118554
283.139 0.118556
285.759 0.118558
288.403 0.118559
291.072 0.118561
293.765 0.118563
296.483 0.118565
299.227 0.118567
301.995 0.118569
304.789 0.11857
307.61 0.118572
310.456 0.118574
313.329 0.118576
316.228 0.118577
319.154 0.118579
322.107 0.118581
325.087 0.118582
328.095 0.118584
331.131 0.118586
334.195 0.118587
337.287 0.118589
340.408 0.11859
343.558 0.118592
346.737 0.118594
349.945 0.118595
353.183 0.118597
356.451 0.118598
359.749 0.1186
363.078 0.118601
366.437 0.118603
369.828 0.118604
373.25 0.118605
376.704 0.118607
380.189 0.118608
383.707 0.11861
387.258 0.118611
390.841 0.118613
394.457 0.118614
398.107 0.118615
401.791 0.118617
405.509 0.118618
409.261 0.118619
413.047 0.118621
416.869 0.118622
420.727 0.118623
424.62 0.118624
428.548 0.118626
432.514 0.118627
436.516 0.118628
440.555 0.118629
444.631 0.118631
448.745 0.118632
452.897 0.118633
457.088 0.118634
461.318 0.118635
465.586 0.118637
469.894 0.118638
474.242 0.118639
478.63 0.11864
483.059 0.118641
487.528 0.118642
492.039 0.118643
496.592 0.118644
501.187 0.118645
505.825 0.118646
510.505 0.118648
515.229 0.118649
519.996 0.11865
524.807 0.118651
529.663 0.118652
534.564 0.118653
539.511 0.118654
544.503 0.118655
549.541 0.118656
554.626 0.118657
559.757 0.118658
564.937 0.118659
570.164 0.11866
575.44 0.11866
580.764 0.118661
586.138 0.118662
591.562 0.118663
597.035 0.118664
602.56 0.118665
608.135 0.118666
613.762 0.118667
619.441 0.118668
625.173 0.118669
630.957 0.118669
636.795 0.11867
642.688 0.118671
648.634 0.118672
654.636 0.118673
660.693 0.118674
666.807 0.118674
672.977 0.118675
679.204 0.118676
685.488 0.118677
691.831 0.118678
698.233 0.118678
704.693 0.118679
711.214 0.11868
717.794 0.118681
724.436 0.118681
731.139 0.118682
737.904 0.118683
744.732 0.118684
751.623 0.118684
758.578 0.118685
765.597 0.118686
772.681 0.118686
779.83 0.118687
787.046 0.118688
794.328 0.118688
801.678 0.118689
809.096 0.11869
816.582 0.11869
824.138 0.118691
831.764 0.118692
839.46 0.118692
847.227 0.118693
855.067 0.118694
862.979 0.118694
870.964 0.118695
879.023 0.118695
887.156 0.118696
895.365 0.118697
903.65 0.118697
912.011 0.118698
920.45 0.118698
928.966 0.118699
937.562 0.1187
946.237 0.1187
954.993 0.118701
963.829 0.118701
972.747 0.118702
981.748 0.118702
990.832 0.118703
1000 0.118704
