0.1 0
0.100925 0
0.101859 0
0.102802 0
0.103753 0
0.104713 0
0.105682 0
0.10666 0
0.107647 0
0.108643 0
0.109648 0
0.110662 0.000871999
0.111686 0.00240985
0.11272 0.00393363
0.113763 0.00544344
0.114815 0.0069394
0.115878 0.00842165
0.11695 0.00989031
0.118032 0.0113455
0.119124 0.0127873
0.120226 0.014216
0.121339 0.0156315
0.122462 0.0170341
0.123595 0.0184238
0.124738 0.0198007
0.125893 0.0211651
0.127057 0.0225169
0.128233 0.0238563
0.12942 0.0251835
0.130617 0.0264985
0.131826 0.0278014
0.133045 0.0290924
0.134277 0.0303715
0.135519 0.031639
0.136773 0.0328947
0.138038 0.034139
0.139316 0.0353719
0.140605 0.0365935
0.141906 0.0378039
0.143219 0.0390032
0.144544 0.0401914
0.145881 0.0413688
0.147231 0.0425354
0.148594 0.0436913
0.149968 0.0448366
0.151356 0.0459714
0.152757 0.0470958
0.15417 0.0482099
0.155597 0.0493138
0.157036 0.0504075
0.158489 0.0514913
0.159956 0.0525651
0.161436 0.053629
0.16293 0.0546832
0.164437 0.0557278
0.165959 0.0567627
0.167494 0.0577882
0.169044 0.0588042
0.170608 0.059811
0.172187 0.0608085
0.17378 0.0617969
0.175388 0.0627762
0.177011 0.0637465
0.178649 0.0647079
0.180302 0.0656606
0.18197 0.0666045
0.183654 0.0675397
0.185353 0.0684664
0.187068 0.0693845
0.188799 0.0702943
0.190546 0.0711957
0.192309 0.0720888
0.194089 0.0729738
0.195884 0.0738506
0.197697 0.0747194
0.199526 0.0755802
0.201372 0.0764332
0.203236 0.0772783
0.205116 0.0781157
0.207014 0.0789454
0.20893 0.0797675
0.210863 0.0806584
0.212814 0.0816809
0.214783 0.0826941
0.21677 0.083698
0.218776 0.0846927
0.2208 0.0856782
0.222844 0.0866548
0.224905 0.0876223
0.226986 0.088581
0.229087 0.089531
0.231206 0.0904722
0.233346 0.0914047
0.235505 0.0923288
0.237684 0.0932443
0.239883 0.0941515
0.242103 0.0950503
0.244343 0.095941
0.246604 0.0968234
0.248886 0.0976977
0.251189 0.0985641
0.253513 0.0994225
0.255859 0.100273
0.258226 0.101116
0.260615 0.101951
0.263027 0.102778
0.265461 0.103598
0.267917 0.10441
0.270396 0.105215
0.272898 0.106012
0.275423 0.106802
0.277971 0.107585
0.280543 0.108361
0.283139 0.109129
0.285759 0.109891
0.288403 0.110646
0.291072 0.111393
0.293765 0.112134
0.296483 0.112868
0.299226 0.113595
0.301995 0.114316
0.30479 0.11503
0.30761 0.115737
0.310456 0.116433
0.313329 0.117047
0.316228 0.117655
0.319154 0.118258
0.322107 0.118855
0.325087 0.119447
0.328095 0.120033
0.331131 0.120614
0.334195 0.12119
0.337287 0.12176
0.340408 0.122325
0.343558 0.122885
0.346737 0.12344
0.349945 0.12399
0.353183 0.124534
0.356451 0.125074
0.359749 0.125609
0.363078 0.126139
0.366438 0.126664
0.369828 0.127184
0.37325 0.127699
0.376704 0.12821
0.380189 0.128716
0.383707 0.129217
0.387258 0.129714
0.390841 0.130206
0.394457 0.130694
0.398107 0.131177
0.401791 0.131656
0.405509 0.13213
0.409261 0.1326
0.413047 0.133523
0.416869 0.134623
0.420727 0.135714
0.42462 0.136794
0.428549 0.137865
0.432514 0.138925
0.436516 0.139976
0.440555 0.141018
0.444631 0.14205
0.448745 0.143072
0.452898 0.144085
0.457088 0.145089
0.461318 0.146083
0.465586 0.147069
0.469894 0.148045
0.474242 0.149013
0.47863 0.149971
0.483059 0.150921
0.487528 0.151862
0.49204 0.152795
0.496592 0.153718
0.501187 0.154634
0.505825 0.155541
0.510505 0.156444
0.515229 0.157745
0.519996 0.159034
0.524807 0.160312
0.529663 0.161577
0.534564 0.162831
0.539511 0.164074
0.544503 0.165305
0.549541 0.166524
0.554626 0.167733
0.559758 0.16893
0.564937 0.170117
0.570164 0.171293
0.57544 0.172457
0.580764 0.173612
0.586138 0.174755
0.591562 0.175888
0.597035 0.177011
0.60256 0.178123
0.608135 0.179226
0.613762 0.180428
0.619441 0.181702
0.625173 0.182964
0.630957 0.184215
0.636796 0.185454
0.642688 0.186682
0.648634 0.187899
0.654636 0.189104
0.660693 0.190299
0.666807 0.191482
0.672977 0.192655
0.679204 0.193817
0.685488 0.194968
0.691831 0.196109
0.698232 0.197239
0.704693 0.198359
0.711214 0.199479
0.717794 0.200699
0.724436 0.201909
0.731139 0.203107
0.737904 0.204294
0.744732 0.20547
0.751623 0.206636
0.758578 0.207791
0.765597 0.208935
0.772681 0.210069
0.77983 0.211192
0.787046 0.212305
0.794328 0.213408
0.801678 0.2145
0.809096 0.215583
0.816582 0.216769
0.824138 0.217975
0.831764 0.21917
0.83946 0.220354
0.847227 0.221527
0.855067 0.22269
0.862979 0.223842
0.870964 0.224983
0.879023 0.226114
0.887156 0.227234
0.895365 0.228344
0.903649 0.229444
0.912011 0.230557
0.92045 0.231793
0.928966 0.233017
0.937562 0.234231
0.946237 0.235433
0.954993 0.236624
0.963829 0.237805
0.972747 0.238974
0.981748 0.240133
0.990832 0.241281
1 0.242419
1.00925 0.243546
1.01859 0.244771
1.02802 0.246008
1.03753 0.247234
1.04713 0.248449
1.05682 0.249652
1.0666 0.250844
1.07647 0.252025
1.08643 0.253196
1.09648 0.254356
1.10662 0.255505
1.11686 0.256682
1.1272 0.257878
1.13763 0.259063
1.14815 0.260237
1.15878 0.2614
1.1695 0.262552
1.18032 0.263694
1.19124 0.264825
1.20226 0.265947
1.21339 0.267058
1.22462 0.26816
1.23595 0.269252
1.24738 0.270334
1.25893 0.271407
1.27057 0.272469
1.28233 0.273522
1.2942 0.274565
1.30617 0.275598
1.31826 0.276606
1.33045 0.277593
1.34276 0.278571
1.35519 0.27954
1.36773 0.2805
1.38038 0.281451
1.39316 0.282394
1.40605 0.283327
1.41906 0.284232
1.43219 0.285115
1.44544 0.28599
1.45881 0.286857
1.47231 0.287716
1.48594 0.288567
1.49968 0.28941
1.51356 0.29024
1.52757 0.291028
1.5417 0.29181
1.55597 0.292584
1.57036 0.293352
1.58489 0.294112
1.59956 0.294865
1.61436 0.295603
1.6293 0.2963
1.64437 0.29699
1.65959 0.297673
1.67494 0.298351
1.69044 0.299022
1.70608 0.299687
1.72187 0.300315
1.7378 0.30092
1.75388 0.301519
1.77011 0.302114
1.78649 0.302702
1.80302 0.303286
1.8197 0.303838
1.83654 0.304358
1.85353 0.304873
1.87068 0.305383
1.88799 0.305889
1.90546 0.30639
1.92309 0.30685
1.94089 0.307285
1.95884 0.307716
1.97697 0.308143
1.99526 0.308566
2.01372 0.308979
2.03236 0.309338
2.05116 0.309694
2.07014 0.310047
2.0893 0.310397
2.10863 0.310743
2.12814 0.311045
2.14783 0.311337
2.1677 0.311626
2.18776 0.311912
2.208 0.312195
2.22844 0.312443
2.24905 0.31268
2.26986 0.312915
2.29087 0.313148
2.31206 0.313378
2.33346 0.313573
2.35505 0.313766
2.37684 0.313958
2.39883 0.314147
2.42103 0.314324
2.44343 0.314484
2.46604 0.314642
2.48886 0.314799
2.51189 0.314954
2.53513 0.315087
2.55859 0.315219
2.58226 0.315349
2.60615 0.315478
2.63027 0.315592
2.65461 0.3157
2.67917 0.315806
2.70396 0.315912
2.72898 0.316005
2.75423 0.316091
2.77971 0.316176
2.80543 0.31626
2.83139 0.316331
2.85759 0.316397
2.88403 0.316462
2.91072 0.316526
2.93765 0.316574
2.96483 0.316621
2.99226 0.316668
3.01995 0.316709
3.04789 0.31674
3.0761 0.31677
3.10456 0.316799
3.13329 0.316818
3.16228 0.316833
3.19154 0.316847
3.22107 0.316857
3.25087 0.316858
3.28095 0.316858
3.31131 0.316859
3.34195 0.316848
3.37287 0.316836
3.40408 0.316824
3.43558 0.316805
3.46737 0.316782
3.49945 0.31676
3.53183 0.316732
3.56451 0.316701
3.59749 0.316669
3.63078 0.316634
3.66438 0.316595
3.69828 0.316556
3.7325 0.316513
3.76704 0.316468
3.80189 0.316422
3.83707 0.316373
3.87258 0.316321
3.90841 0.31627
3.94457 0.316214
3.98107 0.316157
4.01791 0.3161
4.05509 0.316042
4.09261 0.315984
4.13047 0.315925
4.16869 0.315865
4.20727 0.315805
4.2462 0.315742
4.28549 0.315677
4.32514 0.315612
4.36516 0.315543
4.40555 0.315474
4.44631 0.315402
4.48745 0.315329
4.52898 0.315255
4.57088 0.315178
4.61318 0.315102
4.65586 0.315022
4.69894 0.314943
4.74242 0.314865
4.7863 0.314787
4.83059 0.314709
4.87529 0.314629
4.9204 0.31455
4.96592 0.314468
5.01187 0.314387
5.05825 0.314304
5.10505 0.314221
5.15229 0.314136
5.19996 0.314051
5.24807 0.313965
5.29663 0.313878
5.34564 0.313789
5.39511 0.3137
5.44503 0.31361
5.49541 0.313518
5.54626 0.313425
5.59758 0.31333
5.64937 0.313234
5.70164 0.313137
5.7544 0.313038
5.80764 0.312938
5.86138 0.312836
5.91562 0.312734
5.97035 0.31263
6.0256 0.312526
6.08135 0.312421
6.13762 0.312315
6.19441 0.312209
6.25173 0.312103
6.30957 0.311997
6.36796 0.311891
6.42688 0.311786
6.48634 0.311681
6.54636 0.311576
6.60693 0.311473
6.66807 0.31137
6.72977 0.311269
6.79204 0.311169
6.85488 0.311071
6.91831 0.310975
6.98232 0.310881
7.04693 0.310789
7.11214 0.3107
7.17794 0.310613
7.24436 0.310529
7.31139 0.310447
7.37904 0.310367
7.44732 0.310289
7.51623 0.310212
7.58578 0.310138
7.65597 0.310065
7.72681 0.309993
7.7983 0.309923
7.87046 0.309854
7.94328 0.309786
8.01678 0.309719
8.09096 0.309653
8.16582 0.309588
8.24138 0.309523
8.31764 0.309458
8.3946 0.309394
8.47227 0.30933
8.55067 0.309265
8.62979 0.3092
8.70964 0.309135
8.79023 0.309068
8.87156 0.309
8.95365 0.308932
9.03649 0.308864
9.12011 0.308795
9.2045 0.308726
9.28966 0.308656
9.37562 0.308588
9.46237 0.308519
9.54993 0.308452
9.63829 0.308385
9.72747 0.308319
9.81748 0.308255
9.90832 0.308192
10 0.308131
10.0925 0.308072
10.1859 0.308015
10.2802 0.307961
10.3753 0.30791
10.4713 0.307861
10.5682 0.307816
10.666 0.307774
10.7647 0.307736
10.8643 0.307703
10.9648 0.307673
11.0662 0.307647
11.1686 0.307625
11.272 0.307606
11.3763 0.30759
11.4815 0.307576
11.5878 0.307565
11.695 0.307557
11.8032 0.30755
11.9124 0.307544
12.0226 0.30754
12.1339 0.307537
12.2462 0.307534
12.3595 0.307532
12.4738 0.307529
12.5893 0.307527
12.7057 0.307523
12.8233 0.307518
12.942 0.307512
13.0617 0.307504
13.1826 0.307494
13.3045 0.307481
13.4277 0.307466
13.5519 0.307446
13.6773 0.307424
13.8038 0.307398
13.9316 0.30737
14.0605 0.30734
14.1906 0.307308
14.3219 0.307274
14.4544 0.307239
14.5881 0.307202
14.7231 0.307166
14.8594 0.307128
14.9968 0.307091
15.1356 0.307055
15.2757 0.307019
15.417 0.306984
15.5597 0.306952
15.7036 0.306921
15.8489 0.306893
15.9956 0.306868
16.1436 0.306847
16.293 0.306829
16.4437 0.306816
16.5959 0.306809
16.7494 0.306806
16.9044 0.30681
17.0608 0.306818
17.2187 0.306831
17.378 0.306849
17.5388 0.306871
17.7011 0.306897
17.8649 0.306926
18.0302 0.306957
18.197 0.306992
18.3654 0.307028
18.5353 0.307065
18.7068 0.307103
18.8799 0.307142
19.0546 0.307181
19.2309 0.30722
19.4089 0.307257
19.5884 0.307293
19.7697 0.307327
19.9526 0.307358
20.1372 0.307386
20.3236 0.307411
20.5116 0.307431
20.7014 0.307447
20.893 0.307457
21.0863 0.307463
21.2814 0.307465
21.4783 0.307462
21.677 0.307456
21.8776 0.307446
22.08 0.307434
22.2844 0.307419
22.4905 0.307402
22.6986 0.307383
22.9087 0.307363
23.1206 0.307343
23.3346 0.307322
23.5505 0.307301
23.7684 0.30728
23.9883 0.307261
24.2103 0.307243
24.4343 0.307228
24.6604 0.307215
24.8886 0.307205
25.1189 0.307199
25.3513 0.307197
25.5859 0.3072
25.8226 0.307208
26.0615 0.307222
26.3027 0.307241
26.5461 0.307265
26.7917 0.307294
27.0396 0.307329
27.2898 0.307368
27.5423 0.307412
27.7971 0.307461
28.0543 0.307514
28.3139 0.307571
28.5759 0.307632
28.8403 0.307697
29.1072 0.307767
29.3765 0.307839
29.6483 0.307915
29.9226 0.307994
30.1995 0.308076
30.4789 0.308161
30.761 0.308248
31.0456 0.308337
31.3329 0.308429
31.6228 0.308523
31.9154 0.308619
32.2107 0.308717
32.5087 0.308816
32.8095 0.308916
33.1131 0.309017
33.4195 0.309118
33.7287 0.309221
34.0408 0.309323
34.3558 0.309425
34.6737 0.309526
34.9945 0.309627
35.3183 0.309726
35.6451 0.309824
35.9749 0.30992
36.3078 0.310014
36.6438 0.310106
36.9828 0.310195
37.325 0.31028
37.6704 0.310362
38.0189 0.31044
38.3707 0.310513
38.7258 0.310582
39.0841 0.310645
39.4457 0.310703
39.8107 0.310754
40.1791 0.3108
40.5509 0.31084
40.9261 0.310875
41.3048 0.310906
41.6869 0.310933
42.0727 0.310956
42.462 0.310976
42.8548 0.310993
43.2514 0.311009
43.6516 0.311023
44.0555 0.311036
44.4631 0.311048
44.8745 0.311061
45.2898 0.311075
45.7088 0.31109
46.1318 0.311107
46.5586 0.311127
46.9894 0.311151
47.4242 0.311178
47.863 0.31121
48.3059 0.311247
48.7528 0.311289
49.204 0.311338
49.6592 0.311393
50.1187 0.311454
50.5825 0.31152
51.0505 0.311591
51.5229 0.311666
51.9996 0.311745
52.4807 0.311827
52.9663 0.311912
53.4564 0.311999
53.9511 0.312088
54.4503 0.312178
54.9541 0.312269
55.4626 0.31236
55.9758 0.312451
56.4937 0.312541
57.0164 0.312631
57.544 0.312719
58.0764 0.312805
58.6138 0.312889
59.1562 0.312971
59.7035 0.31305
60.256 0.313126
60.8135 0.313198
61.3762 0.313267
61.9441 0.313332
62.5173 0.313394
63.0957 0.313453
63.6796 0.313511
64.2688 0.313566
64.8634 0.313621
65.4636 0.313674
66.0694 0.313727
66.6807 0.31378
67.2977 0.313834
67.9204 0.313888
68.5488 0.313943
69.1831 0.313999
69.8232 0.314058
70.4693 0.314119
71.1214 0.314183
71.7794 0.31425
72.4436 0.314321
73.1139 0.314396
73.7904 0.314475
74.4732 0.31456
75.1623 0.314651
75.8578 0.314748
76.5597 0.31485
77.2681 0.314958
77.983 0.315071
78.7046 0.315187
79.4328 0.315308
80.1678 0.315431
80.9096 0.315557
81.6582 0.315685
82.4138 0.315815
83.1764 0.315945
83.946 0.316076
84.7227 0.316205
85.5067 0.316334
86.2979 0.316461
87.0964 0.316586
87.9023 0.316709
88.7156 0.316828
89.5365 0.316943
90.3649 0.317054
91.2011 0.31716
92.045 0.31726
92.8967 0.317355
93.7562 0.317442
94.6237 0.317524
95.4993 0.317598
96.3829 0.317667
97.2747 0.31773
98.1748 0.317789
99.0832 0.317843
100 0.317892
100.925 0.31794
101.859 0.317988
102.802 0.318035
103.753 0.318081
104.713 0.318127
105.682 0.318173
106.66 0.318219
107.647 0.318263
108.643 0.318308
109.648 0.318352
110.662 0.318396
111.686 0.318439
112.72 0.318482
113.763 0.318524
114.815 0.318566
115.878 0.318608
116.95 0.318649
118.032 0.31869
119.124 0.318731
120.226 0.318771
121.339 0.318811
122.462 0.31885
123.595 0.318889
124.738 0.318928
125.893 0.318966
127.057 0.319004
128.233 0.319042
129.42 0.319079
130.617 0.319116
131.826 0.319153
133.045 0.319189
134.277 0.319225
135.519 0.319261
136.773 0.319296
138.038 0.319331
139.316 0.319366
140.605 0.3194
141.906 0.319434
143.219 0.319468
144.544 0.319502
145.881 0.319535
147.231 0.319568
148.594 0.3196
149.969 0.319632
151.356 0.319664
152.757 0.319696
154.17 0.319727
155.597 0.319758
157.036 0.319789
158.489 0.319819
159.956 0.31985
161.436 0.31988
162.93 0.319909
164.437 0.319939
165.959 0.319968
167.494 0.319997
169.044 0.320025
170.608 0.320053
172.187 0.320082
173.78 0.320109
175.388 0.320137
177.011 0.320164
178.649 0.320191
180.302 0.320218
181.97 0.320245
183.654 0.320271
185.353 0.320297
187.068 0.320323
188.799 0.320348
190.546 0.320374
192.309 0.320399
194.089 0.320424
195.884 0.320448
197.697 0.320473
199.526 0.320497
201.372 0.320521
203.236 0.320545
205.116 0.320568
207.014 0.320592
208.93 0.320615
210.863 0.320638
212.814 0.32066
214.783 0.320683
216.77 0.320705
218.776 0.320727
220.801 0.320749
222.844 0.320771
224.905 0.320792
226.986 0.320814
229.087 0.320835
231.207 0.320856
233.346 0.320876
235.505 0.320897
237.684 0.320917
239.883 0.320937
242.103 0.320957
244.343 0.320977
246.604 0.320997
248.886 0.321016
251.189 0.321035
253.513 0.321054
255.859 0.321073
258.226 0.321092
260.615 0.321111
263.027 0.321129
265.461 0.321147
267.917 0.321165
270.396 0.321183
272.898 0.321201
275.423 0.321218
277.971 0.321236
280.543 0.321253
283.139 0.32127
285.759 0.321287
288.403 0.321304
291.072 0.32132
293.765 0.321337
296.483 0.321353
299.227 0.321369
301.995 0.321385
304.789 0.321401
307.61 0.321417
310.456 0.321432
313.329 0.321448
316.228 0.321463
319.154 0.321478
322.107 0.321493
325.087 0.321508
328.095 0.321523
331.131 0.321537
334.195 0.321552
337.287 0.321566
340.408 0.32158
343.558 0.321594
346.737 0.321608
349.945 0.321622
353.183 0.321636
356.451 0.321649
359.749 0.321663
363.078 0.321676
366.437 0.321689
369.828 0.321702
373.25 0.321715
376.704 0.321728
380.189 0.321741
383.707 0.321753
387.258 0.321766
390.841 0.321778
394.457 0.32179
398.107 0.321802
401.791 0.321814
405.509 0.321826
409.261 0.321838
413.047 0.32185
416.869 0.321861
420.727 0.321873
424.62 0.321884
428.548 0.321896
432.514 0.321907
436.516 0.321918
440.555 0.321929
444.631 0.32194
448.745 0.32195
452.897 0.321961
457.088 0.321972
461.318 0.321982
465.586 0.321993
469.894 0.322003
474.242 0.322013
478.63 0.322023
483.059 0.322033
487.528 0.322043
492.039 0.322053
496.592 0.322063
501.187 0.322072
505.825 0.322082
510.505 0.322091
515.229 0.322101
519.996 0.32211
524.807 0.322119
529.663 0.322128
534.564 0.322137
539.511 0.322146
544.503 0.322155
549.541 0.322164
554.626 0.322173
559.757 0.322181
564.937 0.32219
570.164 0.322198
575.44 0.322207
580.764 0.322215
586.138 0.322223
591.562 0.322231
597.035 0.322239
602.56 0.322247
608.135 0.322255
613.762 0.322263
619.441 0.322271
625.173 0.322279
630.957 0.322286
636.795 0.322294
642.688 0.322302
648.634 0.322309
654.636 0.322316
660.693 0.322324
666.807 0.322331
672.977 0.322338
679.204 0.322345
685.488 0.322352
691.831 0.322359
698.233 0.322366
704.693 0.322373
711.214 0.32238
717.794 0.322387
724.436 0.322393
731.139 0.3224
737.904 0.322406
744.732 0.322413
751.623 0.322419
758.578 0.322426
765.597 0.322432
772.681 0.322438
779.83 0.322444
787.046 0.322451
794.328 0.322457
801.678 0.322463
809.096 0.322469
816.582 0.322475
824.138 0.32248
831.764 0.322486
839.46 0.322492
847.227 0.322498
855.067 0.322503
862.979 0.322509
870.964 0.322515
879.023 0.32252
887.156 0.322525
895.365 0.322531
903.65 0.322536
912.011 0.322542
920.45 0.322547
928.966 0.322552
937.562 0.322557
946.237 0.322562
954.993 0.322567
963.829 0.322572
972.747 0.322577
981.748 0.322582
990.832 0.322587
1000 0.322592
