0.1 0
0.100925 0
0.101859 0
0.102802 0
0.103753 0
0.104713 0
0.105682 0
0.10666 0
0.107647 0
0.108643 0
0.109648 0
0.110662 0.00361057
0.111686 0.00997817
0.11272 0.0162875
0.113763 0.0225389
0.114815 0.0287331
0.115878 0.0348705
0.11695 0.0409516
0.118032 0.0469769
0.119124 0.0529469
0.120226 0.0588623
0.121339 0.0647234
0.122462 0.0705308
0.123595 0.076285
0.124738 0.0819864
0.125893 0.0876355
0.127057 0.0932328
0.128233 0.0987788
0.12942 0.104274
0.130617 0.109719
0.131826 0.115114
0.133045 0.120459
0.134277 0.125756
0.135519 0.131003
0.136773 0.136203
0.138038 0.141355
0.139316 0.14646
0.140605 0.151518
0.141906 0.15653
0.143219 0.161495
0.144544 0.166416
0.145881 0.171291
0.147231 0.176121
0.148594 0.180907
0.149968 0.185649
0.151356 0.190348
0.152757 0.195004
0.15417 0.199617
0.155597 0.204187
0.157036 0.208716
0.158489 0.213203
0.159956 0.217649
0.161436 0.222055
0.16293 0.22642
0.164437 0.230745
0.165959 0.23503
0.167494 0.239276
0.169044 0.243483
0.170608 0.247652
0.172187 0.251782
0.17378 0.255874
0.175388 0.259929
0.177011 0.263947
0.178649 0.267928
0.180302 0.271872
0.18197 0.275781
0.183654 0.279653
0.185353 0.28349
0.187068 0.287292
0.188799 0.291058
0.190546 0.294791
0.192309 0.298489
0.194089 0.302153
0.195884 0.305784
0.197697 0.309381
0.199526 0.312945
0.201372 0.316477
0.203236 0.319976
0.205116 0.323444
0.207014 0.326879
0.20893 0.330283
0.210863 0.335145
0.212814 0.342692
0.214783 0.350169
0.21677 0.357578
0.218776 0.364918
0.2208 0.372192
0.222844 0.379399
0.224905 0.386539
0.226986 0.393615
0.229087 0.400625
0.231206 0.407571
0.233346 0.414454
0.235505 0.421273
0.237684 0.42803
0.239883 0.434725
0.242103 0.441358
0.244343 0.447931
0.246604 0.454443
0.248886 0.460896
0.251189 0.46729
0.253513 0.473624
0.255859 0.479901
0.258226 0.486121
0.260615 0.492283
0.263027 0.498389
0.265461 0.504439
0.267917 0.510433
0.270396 0.516372
0.272898 0.522257
0.275423 0.528088
0.277971 0.533866
0.280543 0.53959
0.283139 0.545263
0.285759 0.550883
0.288403 0.556451
0.291072 0.561969
0.293765 0.567436
0.296483 0.572852
0.299226 0.578219
0.301995 0.583537
0.30479 0.588807
0.30761 0.594027
0.310456 0.599168
0.313329 0.60379
0.316228 0.60837
0.319154 0.612908
0.322107 0.617404
0.325087 0.621859
0.328095 0.626274
0.331131 0.630648
0.334195 0.634981
0.337287 0.639275
0.340408 0.64353
0.343558 0.647746
0.346737 0.651922
0.349945 0.656061
0.353183 0.660162
0.356451 0.664225
0.359749 0.668251
0.363078 0.67224
0.366438 0.676192
0.369828 0.680109
0.37325 0.683989
0.376704 0.687833
0.380189 0.691643
0.383707 0.695417
0.387258 0.699157
0.390841 0.702863
0.394457 0.706535
0.398107 0.710173
0.401791 0.713777
0.405509 0.717349
0.409261 0.720888
0.413047 0.724884
0.416869 0.729043
0.420727 0.733164
0.42462 0.737248
0.428549 0.741294
0.432514 0.745303
0.436516 0.749275
0.440555 0.753211
0.444631 0.75711
0.448745 0.760974
0.452898 0.764803
0.457088 0.768596
0.461318 0.772355
0.465586 0.776079
0.469894 0.779769
0.474242 0.783426
0.47863 0.787048
0.483059 0.790638
0.487528 0.794194
0.49204 0.797718
0.496592 0.80121
0.501187 0.80467
0.505825 0.808098
0.510505 0.811499
0.515229 0.815321
0.519996 0.819107
0.524807 0.822858
0.529663 0.826576
0.534564 0.830259
0.539511 0.833908
0.544503 0.837524
0.549541 0.841106
0.554626 0.844656
0.559758 0.848174
0.564937 0.851659
0.570164 0.855112
0.57544 0.858533
0.580764 0.861923
0.586138 0.865282
0.591562 0.86861
0.597035 0.871908
0.60256 0.875176
0.608135 0.878413
0.613762 0.881208
0.619441 0.883669
0.625173 0.886108
0.630957 0.888524
0.636796 0.890918
0.642688 0.89329
0.648634 0.89564
0.654636 0.897969
0.660693 0.900277
0.666807 0.902563
0.672977 0.904828
0.679204 0.907073
0.685488 0.909297
0.691831 0.9115
0.698232 0.913684
0.704693 0.915847
0.711214 0.917892
0.717794 0.918915
0.724436 0.919928
0.731139 0.920932
0.737904 0.921927
0.744732 0.922913
0.751623 0.923889
0.758578 0.924857
0.765597 0.925816
0.772681 0.926766
0.77983 0.927707
0.787046 0.92864
0.794328 0.929564
0.801678 0.93048
0.809096 0.931387
0.816582 0.931636
0.824138 0.931702
0.831764 0.931768
0.83946 0.931833
0.847227 0.931897
0.855067 0.931961
0.862979 0.932024
0.870964 0.932087
0.879023 0.932149
0.887156 0.932211
0.895365 0.932272
0.903649 0.932332
0.912011 0.932325
0.92045 0.931918
0.928966 0.931515
0.937562 0.931115
0.946237 0.93072
0.954993 0.930327
0.963829 0.929939
0.972747 0.929554
0.981748 0.929172
0.990832 0.928794
1 0.92842
1.00925 0.928049
1.01859 0.927513
1.02802 0.926946
1.03753 0.926384
1.04713 0.925828
1.05682 0.925276
1.0666 0.92473
1.07647 0.924188
1.08643 0.923652
1.09648 0.92312
1.10662 0.922594
1.11686 0.921972
1.1272 0.921282
1.13763 0.920598
1.14815 0.919921
1.15878 0.91925
1.1695 0.918584
1.18032 0.917925
1.19124 0.917272
1.20226 0.916625
1.21339 0.915945
1.22462 0.915118
1.23595 0.914299
1.24738 0.913488
1.25893 0.912684
1.27057 0.911888
1.28233 0.911099
1.2942 0.910317
1.30617 0.909542
1.31826 0.908648
1.33045 0.907673
1.34276 0.906708
1.35519 0.905751
1.36773 0.904803
1.38038 0.903864
1.39316 0.902933
1.40605 0.902011
1.41906 0.900967
1.43219 0.899844
1.44544 0.898732
1.45881 0.897631
1.47231 0.896539
1.48594 0.895457
1.49968 0.894386
1.51356 0.893289
1.52757 0.892019
1.5417 0.89076
1.55597 0.889513
1.57036 0.888278
1.58489 0.887053
1.59956 0.88584
1.61436 0.8846
1.6293 0.883216
1.64437 0.881844
1.65959 0.880484
1.67494 0.879138
1.69044 0.877803
1.70608 0.876481
1.72187 0.875073
1.7378 0.873626
1.75388 0.872192
1.77011 0.870771
1.78649 0.869364
1.80302 0.867969
1.8197 0.866537
1.83654 0.865063
1.85353 0.863603
1.87068 0.862156
1.88799 0.860723
1.90546 0.859303
1.92309 0.857855
1.94089 0.856399
1.95884 0.854956
1.97697 0.853527
1.99526 0.85211
2.01372 0.850702
2.03236 0.849269
2.05116 0.847849
2.07014 0.846442
2.0893 0.845048
2.10863 0.843666
2.12814 0.842265
2.14783 0.840869
2.1677 0.839486
2.18776 0.838116
2.208 0.836758
2.22844 0.835383
2.24905 0.834013
2.26986 0.832656
2.29087 0.831311
2.31206 0.829978
2.33346 0.828622
2.35505 0.827279
2.37684 0.825948
2.39883 0.824629
2.42103 0.823309
2.44343 0.821979
2.46604 0.820661
2.48886 0.819356
2.51189 0.818062
2.53513 0.816817
2.55859 0.815583
2.58226 0.814361
2.60615 0.813149
2.63027 0.812002
2.65461 0.810882
2.67917 0.809774
2.70396 0.808675
2.72898 0.807563
2.75423 0.806449
2.77971 0.805345
2.80543 0.804252
2.83139 0.803144
2.85759 0.802036
2.88403 0.800939
2.91072 0.799852
2.93765 0.798745
2.96483 0.797645
2.99226 0.796555
3.01995 0.795492
3.04789 0.794488
3.0761 0.793492
3.10456 0.792506
3.13329 0.791502
3.16228 0.790495
3.19154 0.789497
3.22107 0.788504
3.25087 0.787508
3.28095 0.78652
3.31131 0.785542
3.34195 0.784582
3.37287 0.783631
3.40408 0.782689
3.43558 0.781783
3.46737 0.780895
3.49945 0.780016
3.53183 0.779155
3.56451 0.77831
3.59749 0.777473
3.63078 0.776666
3.66438 0.775887
3.69828 0.775116
3.7325 0.77438
3.76704 0.773675
3.80189 0.772976
3.83707 0.772312
3.87258 0.77167
3.90841 0.771033
3.94457 0.770431
3.98107 0.76984
4.01791 0.769259
4.05509 0.76872
4.09261 0.768186
4.13047 0.767667
4.16869 0.767167
4.20727 0.766671
4.2462 0.766178
4.28549 0.765689
4.32514 0.7652
4.36516 0.764701
4.40555 0.764208
4.44631 0.763691
4.48745 0.763172
4.52898 0.76264
4.57088 0.762081
4.61318 0.761527
4.65586 0.760932
4.69894 0.760341
4.74242 0.759737
4.7863 0.75913
4.83059 0.758514
4.87529 0.75788
4.9204 0.757247
4.96592 0.756592
5.01187 0.755943
5.05825 0.755273
5.10505 0.754608
5.15229 0.75393
5.19996 0.753254
5.24807 0.752571
5.29663 0.751889
5.34564 0.751204
5.39511 0.750521
5.44503 0.749838
5.49541 0.749158
5.54626 0.748481
5.59758 0.747809
5.64937 0.747144
5.70164 0.746485
5.7544 0.745834
5.80764 0.74519
5.86138 0.744555
5.91562 0.743926
5.97035 0.743308
6.0256 0.742697
6.08135 0.742097
6.13762 0.741506
6.19441 0.740924
6.25173 0.740352
6.30957 0.73979
6.36796 0.739241
6.42688 0.7387
6.48634 0.738172
6.54636 0.737656
6.60693 0.73715
6.66807 0.736659
6.72977 0.736179
6.79204 0.735714
6.85488 0.735262
6.91831 0.734821
6.98232 0.7344
7.04693 0.733992
7.11214 0.733596
7.17794 0.73322
7.24436 0.732854
7.31139 0.732501
7.37904 0.732163
7.44732 0.731836
7.51623 0.731519
7.58578 0.731216
7.65597 0.730922
7.72681 0.730636
7.7983 0.730361
7.87046 0.730093
7.94328 0.729833
8.01678 0.729579
8.09096 0.729333
8.16582 0.729092
8.24138 0.728855
8.31764 0.728622
8.3946 0.728393
8.47227 0.728166
8.55067 0.72794
8.62979 0.727716
8.70964 0.727492
8.79023 0.727266
8.87156 0.727041
8.95365 0.726814
9.03649 0.726587
9.12011 0.726359
9.2045 0.72613
9.28966 0.725899
9.37562 0.725669
9.46237 0.725437
9.54993 0.725205
9.63829 0.724971
9.72747 0.724737
9.81748 0.724502
9.90832 0.724266
10 0.724029
10.0925 0.723791
10.1859 0.723552
10.2802 0.723312
10.3753 0.723072
10.4713 0.722831
10.5682 0.722589
10.666 0.722346
10.7647 0.722103
10.8643 0.721858
10.9648 0.721614
11.0662 0.721369
11.1686 0.721125
11.272 0.72088
11.3763 0.720636
11.4815 0.720392
11.5878 0.720149
11.695 0.719908
11.8032 0.719668
11.9124 0.71943
12.0226 0.719195
12.1339 0.718962
12.2462 0.718732
12.3595 0.718507
12.4738 0.718285
12.5893 0.718068
12.7057 0.717856
12.8233 0.717649
12.942 0.717448
13.0617 0.717253
13.1826 0.717064
13.3045 0.716881
13.4277 0.716706
13.5519 0.716538
13.6773 0.716378
13.8038 0.716224
13.9316 0.716076
14.0605 0.715935
14.1906 0.715799
14.3219 0.715668
14.4544 0.715543
14.5881 0.715422
14.7231 0.715305
14.8594 0.715193
14.9968 0.715083
15.1356 0.714977
15.2757 0.714873
15.417 0.714772
15.5597 0.714674
15.7036 0.714577
15.8489 0.714482
15.9956 0.714389
16.1436 0.714296
16.293 0.714204
16.4437 0.714113
16.5959 0.714023
16.7494 0.713932
16.9044 0.71384
17.0608 0.713749
17.2187 0.713657
17.378 0.713566
17.5388 0.713474
17.7011 0.713382
17.8649 0.713289
18.0302 0.713196
18.197 0.713102
18.3654 0.713008
18.5353 0.712913
18.7068 0.712818
18.8799 0.712721
19.0546 0.712623
19.2309 0.712525
19.4089 0.712425
19.5884 0.712324
19.7697 0.712222
19.9526 0.712118
20.1372 0.712013
20.3236 0.711906
20.5116 0.711797
20.7014 0.711687
20.893 0.711575
21.0863 0.711462
21.2814 0.711348
21.4783 0.711232
21.677 0.711117
21.8776 0.711
22.08 0.710884
22.2844 0.710767
22.4905 0.710651
22.6986 0.710536
22.9087 0.710421
23.1206 0.710307
23.3346 0.710195
23.5505 0.710084
23.7684 0.709976
23.9883 0.70987
24.2103 0.709766
24.4343 0.709666
24.6604 0.70957
24.8886 0.709478
25.1189 0.709389
25.3513 0.709306
25.5859 0.709228
25.8226 0.709156
26.0615 0.709089
26.3027 0.709027
26.5461 0.708971
26.7917 0.708919
27.0396 0.708872
27.2898 0.70883
27.5423 0.708791
27.7971 0.708756
28.0543 0.708724
28.3139 0.708695
28.5759 0.708669
28.8403 0.708644
29.1072 0.708621
29.3765 0.708599
29.6483 0.708578
29.9226 0.708557
30.1995 0.708536
30.4789 0.708515
30.761 0.708493
31.0456 0.708469
31.3329 0.708444
31.6228 0.708416
31.9154 0.708386
32.2107 0.708353
32.5087 0.708318
32.8095 0.70828
33.1131 0.70824
33.4195 0.708197
33.7287 0.708151
34.0408 0.708103
34.3558 0.708052
34.6737 0.707998
34.9945 0.707942
35.3183 0.707883
35.6451 0.707822
35.9749 0.707758
36.3078 0.707692
36.6438 0.707623
36.9828 0.707552
37.325 0.707478
37.6704 0.707401
38.0189 0.707322
38.3707 0.70724
38.7258 0.707156
39.0841 0.707069
39.4457 0.70698
39.8107 0.706888
40.1791 0.706794
40.5509 0.706698
40.9261 0.706599
41.3048 0.706498
41.6869 0.706396
42.0727 0.706292
42.462 0.706187
42.8548 0.706082
43.2514 0.705976
43.6516 0.705869
44.0555 0.705764
44.4631 0.705658
44.8745 0.705554
45.2898 0.705451
45.7088 0.70535
46.1318 0.705252
46.5586 0.705156
46.9894 0.705062
47.4242 0.704973
47.863 0.704887
48.3059 0.704805
48.7528 0.704727
49.204 0.704654
49.6592 0.704583
50.1187 0.704516
50.5825 0.704452
51.0505 0.704389
51.5229 0.704328
51.9996 0.704269
52.4807 0.70421
52.9663 0.70415
53.4564 0.704091
53.9511 0.70403
54.4503 0.703968
54.9541 0.703903
55.4626 0.703835
55.9758 0.703765
56.4937 0.703692
57.0164 0.703615
57.544 0.703536
58.0764 0.703454
58.6138 0.703369
59.1562 0.703281
59.7035 0.70319
60.256 0.703097
60.8135 0.703
61.3762 0.702901
61.9441 0.7028
62.5173 0.702698
63.0957 0.702596
63.6796 0.702495
64.2688 0.702396
64.8634 0.702298
65.4636 0.702203
66.0694 0.702111
66.6807 0.702023
67.2977 0.70194
67.9204 0.701861
68.5488 0.701787
69.1831 0.70172
69.8232 0.701659
70.4693 0.701605
71.1214 0.701558
71.7794 0.701521
72.4436 0.701492
73.1139 0.701473
73.7904 0.701464
74.4732 0.701466
75.1623 0.70148
75.8578 0.701506
76.5597 0.701544
77.2681 0.701592
77.983 0.701649
78.7046 0.701713
79.4328 0.701783
80.1678 0.701857
80.9096 0.701935
81.6582 0.702015
82.4138 0.702094
83.1764 0.702173
83.946 0.702248
84.7227 0.702319
85.5067 0.702384
86.2979 0.702441
87.0964 0.702489
87.9023 0.702527
88.7156 0.702553
89.5365 0.702566
90.3649 0.702564
91.2011 0.702546
92.045 0.702511
92.8967 0.702456
93.7562 0.70238
94.6237 0.702284
95.4993 0.702169
96.3829 0.702036
97.2747 0.701887
98.1748 0.701725
99.0832 0.70155
100 0.701364
100.925 0.701175
101.859 0.700988
102.802 0.700802
103.753 0.700618
104.713 0.700436
105.682 0.700256
106.66 0.700077
107.647 0.6999
108.643 0.699724
109.648 0.69955
110.662 0.699378
111.686 0.699207
112.72 0.699038
113.763 0.69887
114.815 0.698704
115.878 0.698539
116.95 0.698376
118.032 0.698214
119.124 0.698054
120.226 0.697896
121.339 0.697738
122.462 0.697583
123.595 0.697428
124.738 0.697275
125.893 0.697124
127.057 0.696974
128.233 0.696825
129.42 0.696678
130.617 0.696532
131.826 0.696387
133.045 0.696243
134.277 0.696101
135.519 0.695961
136.773 0.695821
138.038 0.695683
139.316 0.695546
140.605 0.69541
141.906 0.695276
143.219 0.695143
144.544 0.695011
145.881 0.69488
147.231 0.69475
148.594 0.694622
149.969 0.694495
151.356 0.694369
152.757 0.694244
154.17 0.69412
155.597 0.693998
157.036 0.693876
158.489 0.693756
159.956 0.693636
161.436 0.693518
162.93 0.693401
164.437 0.693285
165.959 0.69317
167.494 0.693056
169.044 0.692943
170.608 0.692832
172.187 0.692721
173.78 0.692611
175.388 0.692502
177.011 0.692395
178.649 0.692288
180.302 0.692182
181.97 0.692077
183.654 0.691973
185.353 0.69187
187.068 0.691768
188.799 0.691667
190.546 0.691567
192.309 0.691468
194.089 0.69137
195.884 0.691272
197.697 0.691176
199.526 0.69108
201.372 0.690985
203.236 0.690892
205.116 0.690799
207.014 0.690706
208.93 0.690615
210.863 0.690525
212.814 0.690435
214.783 0.690346
216.77 0.690258
218.776 0.690171
220.801 0.690085
222.844 0.689999
224.905 0.689914
226.986 0.68983
229.087 0.689747
231.207 0.689664
233.346 0.689583
235.505 0.689502
237.684 0.689421
239.883 0.689342
242.103 0.689263
244.343 0.689185
246.604 0.689108
248.886 0.689031
251.189 0.688955
253.513 0.68888
255.859 0.688805
258.226 0.688731
260.615 0.688658
263.027 0.688586
265.461 0.688514
267.917 0.688443
270.396 0.688372
272.898 0.688302
275.423 0.688233
277.971 0.688164
280.543 0.688096
283.139 0.688029
285.759 0.687962
288.403 0.687896
291.072 0.68783
293.765 0.687765
296.483 0.687701
299.227 0.687637
301.995 0.687574
304.789 0.687512
307.61 0.68745
310.456 0.687388
313.329 0.687327
316.228 0.687267
319.154 0.687207
322.107 0.687148
325.087 0.687089
328.095 0.687031
331.131 0.686974
334.195 0.686916
337.287 0.68686
340.408 0.686804
343.558 0.686748
346.737 0.686693
349.945 0.686639
353.183 0.686585
356.451 0.686531
359.749 0.686478
363.078 0.686426
366.437 0.686374
369.828 0.686322
373.25 0.686271
376.704 0.68622
380.189 0.68617
383.707 0.68612
387.258 0.686071
390.841 0.686022
394.457 0.685974
398.107 0.685926
401.791 0.685879
405.509 0.685832
409.261 0.685785
413.047 0.685739
416.869 0.685693
420.727 0.685648
424.62 0.685603
428.548 0.685558
432.514 0.685514
436.516 0.68547
440.555 0.685427
444.631 0.685384
448.745 0.685342
452.897 0.6853
457.088 0.685258
461.318 0.685216
465.586 0.685175
469.894 0.685135
474.242 0.685095
478.63 0.685055
483.059 0.685015
487.528 0.684976
492.039 0.684937
496.592 0.684899
501.187 0.684861
505.825 0.684823
510.505 0.684786
515.229 0.684749
519.996 0.684712
524.807 0.684676
529.663 0.68464
534.564 0.684604
539.511 0.684569
544.503 0.684534
549.541 0.684499
554.626 0.684465
559.757 0.68443
564.937 0.684397
570.164 0.684363
575.44 0.68433
580.764 0.684297
586.138 0.684265
591.562 0.684232
597.035 0.684201
602.56 0.684169
608.135 0.684137
613.762 0.684106
619.441 0.684076
625.173 0.684045
630.957 0.684015
636.795 0.683985
642.688 0.683955
648.634 0.683926
654.636 0.683897
660.693 0.683868
666.807 0.683839
672.977 0.683811
679.204 0.683783
685.488 0.683755
691.831 0.683727
698.233 0.6837
704.693 0.683673
711.214 0.683646
717.794 0.68362
724.436 0.683593
731.139 0.683567
737.904 0.683541
744.732 0.683516
751.623 0.68349
758.578 0.683465
765.597 0.68344
772.681 0.683416
779.83 0.683391
787.046 0.683367
794.328 0.683343
801.678 0.683319
809.096 0.683295
816.582 0.683272
824.138 0.683249
831.764 0.683226
839.46 0.683203
847.227 0.683181
855.067 0.683158
862.979 0.683136
870.964 0.683114
879.023 0.683093
887.156 0.683071
895.365 0.68305
903.65 0.683029
912.011 0.683008
920.45 0.682987
928.966 0.682967
937.562 0.682946
946.237 0.682926
954.993 0.682906
963.829 0.682886
972.747 0.682867
981.748 0.682847
990.832 0.682828
1000 0.682809
